4.148662388324737549e-01,1.958008296787738800e-02,2.947379462420940399e-02,1.804149746894836426e-01,2.130089513957500458e-02,1.871270313858985901e-02,1.678313314914703369e-01,1.631659269332885742e-02,6.607637405395507812e-01
3.787573575973510742e-01,9.656157344579696655e-03,2.889082022011280060e-02,9.588983654975891113e-01,1.138643268495798111e-02,2.059299685060977936e-02,1.420141477137804031e-02,1.641760952770709991e-02,1.782478205859661102e-02
1.809047907590866089e-02,9.060422182083129883e-01,2.404415793716907501e-02,1.778736151754856110e-02,1.207285653799772263e-02,1.040019840002059937e-02,1.217975839972496033e-02,1.897591911256313324e-02,8.576548658311367035e-03
9.463446587324142456e-02,3.771407008171081543e-01,1.554056350141763687e-02,5.067608356475830078e-01,1.213321555405855179e-02,3.545977175235748291e-02,4.726248607039451599e-02,8.044213987886905670e-03,3.483384251594543457e-01
3.146685287356376648e-02,8.739785850048065186e-02,1.533468905836343765e-02,9.314385056495666504e-01,9.878055192530155182e-03,4.485809803009033203e-02,6.723903119564056396e-03,5.713802576065063477e-02,9.215985424816608429e-03
5.663103461265563965e-01,2.099069654941558838e-01,2.727461978793144226e-02,2.229983173310756683e-02,1.288096792995929718e-02,1.482909172773361206e-02,8.014416694641113281e-01,1.614144071936607361e-02,2.690925821661949158e-02
8.990264534950256348e-01,6.902729868888854980e-01,4.228003323078155518e-02,6.885037571191787720e-02,1.290141604840755463e-02,2.210200764238834381e-02,2.132690697908401489e-02,4.141328111290931702e-02,2.247079648077487946e-02
8.498829603195190430e-01,1.354216504842042923e-02,3.675341606140136719e-02,8.256425857543945312e-01,1.282805390655994415e-02,2.300542779266834259e-02,1.234221924096345901e-02,3.933579847216606140e-02,2.376393787562847137e-02
2.084737643599510193e-02,9.585747495293617249e-03,2.702499553561210632e-02,9.706501364707946777e-01,1.170367654412984848e-02,1.495412271469831467e-02,1.533913984894752502e-02,2.074573747813701630e-02,1.133131515234708786e-02
1.655189841985702515e-01,3.251406922936439514e-02,2.397391013801097870e-02,9.004163146018981934e-01,5.912066902965307236e-03,2.134013362228870392e-02,7.497742772102355957e-03,2.185912802815437317e-02,1.749658398330211639e-02
2.004000991582870483e-01,5.889442563056945801e-02,3.967698663473129272e-02,3.896425664424896240e-02,2.879035100340843201e-02,2.626148611307144165e-02,9.652409553527832031e-01,2.139171957969665527e-02,3.244925662875175476e-02
9.135445356369018555e-01,1.509424950927495956e-02,4.407716915011405945e-02,9.819943457841873169e-02,1.535353623330593109e-02,2.051187865436077118e-02,2.471471391618251801e-02,4.924640059471130371e-02,2.255993150174617767e-02
9.319561123847961426e-01,2.169033885002136230e-02,4.099579155445098877e-02,5.824954435229301453e-02,2.077987417578697205e-02,1.945928111672401428e-02,4.058532044291496277e-02,3.983878344297409058e-02,2.375738136470317841e-02
7.732775807380676270e-01,1.279311534017324448e-02,2.611437067389488220e-02,8.588546514511108398e-01,1.132284663617610931e-02,1.733020506799221039e-02,1.437168754637241364e-02,2.935305424034595490e-02,1.865676976740360260e-02
8.882093429565429688e-01,1.312454417347908020e-02,3.649615496397018433e-02,4.066722467541694641e-02,2.071365714073181152e-02,1.950649917125701904e-02,9.378591179847717285e-02,2.822173945605754852e-02,2.498778887093067169e-02
1.545822769403457642e-01,7.426185607910156250e-01,1.526910718530416489e-02,1.687653176486492157e-02,1.631803810596466064e-02,2.631216868758201599e-02,2.448015101253986359e-02,8.912717700004577637e-01,2.941408753395080566e-02
8.846702575683593750e-01,1.119173783808946609e-02,5.972903966903686523e-02,1.602259725332260132e-01,1.250885799527168274e-02,1.682146824896335602e-02,2.054461836814880371e-02,3.280763700604438782e-02,1.645669527351856232e-02
9.320754408836364746e-01,1.614896208047866821e-02,3.225092589855194092e-02,6.284455209970474243e-02,1.821625046432018280e-02,2.053316868841648102e-02,9.364686906337738037e-02,3.620370477437973022e-02,2.906079776585102081e-02
4.758146107196807861e-01,8.865976929664611816e-01,2.219609543681144714e-02,6.991831958293914795e-02,7.788068149238824844e-03,1.504561025649309158e-02,8.500019088387489319e-03,2.863621711730957031e-02,1.611867919564247131e-02
9.008737802505493164e-01,1.444824598729610443e-02,4.081683605909347534e-02,8.467606455087661743e-02,1.503754407167434692e-02,2.003939077258110046e-02,2.785227447748184204e-02,4.144230112433433533e-02,2.575019933283329010e-02
1.782996654510498047e-01,9.706171154975891113e-01,2.651932463049888611e-02,3.861841931939125061e-02,9.120649658143520355e-03,1.765842735767364502e-02,1.540411543101072311e-02,3.501128777861595154e-02,1.837412267923355103e-02
1.532065272331237793e-01,4.663573205471038818e-01,1.706683821976184845e-02,1.264360919594764709e-02,1.743496954441070557e-02,2.739154361188411713e-02,1.992232352495193481e-02,9.292439222335815430e-01,2.369799651205539703e-02
2.776730805635452271e-02,9.463304281234741211e-01,2.327403239905834198e-02,5.392003431916236877e-02,6.814560387283563614e-03,1.166064105927944183e-02,1.334445737302303314e-02,3.075232356786727905e-02,2.167194336652755737e-02
6.911981850862503052e-02,9.160742163658142090e-01,1.566082425415515900e-02,2.647092044353485107e-01,5.687106866389513016e-03,1.624081470072269440e-02,8.344470523297786713e-03,1.744288578629493713e-02,1.862696558237075806e-02
2.615538835525512695e-01,7.166731357574462891e-01,1.151225157082080841e-02,3.420394062995910645e-01,5.646725650876760483e-03,1.483782287687063217e-02,1.351202465593814850e-02,2.258278056979179382e-02,1.954298652708530426e-02
1.861378997564315796e-01,9.696015715599060059e-01,1.842455007135868073e-02,1.019584611058235168e-01,6.652509327977895737e-03,2.758819796144962311e-02,1.608591526746749878e-02,4.938247427344322205e-02,2.458663843572139740e-02
1.425011307001113892e-01,9.643441438674926758e-01,2.019228599965572357e-02,7.451520115137100220e-02,6.699580699205398560e-03,1.811180450022220612e-02,1.240968704223632812e-02,2.306189574301242828e-02,1.940196193754673004e-02
2.017151564359664917e-01,9.375180602073669434e-01,2.720509842038154602e-02,2.844869531691074371e-02,2.028403989970684052e-02,1.538154575973749161e-02,3.855502605438232422e-01,1.914496533572673798e-02,2.520069666206836700e-02
2.008718997240066528e-02,9.515149593353271484e-01,2.178001031279563904e-02,2.534026280045509338e-02,1.030880119651556015e-02,1.415752433240413666e-02,1.513438206166028976e-02,1.965675875544548035e-02,1.890279538929462433e-02
3.954049944877624512e-02,8.882215023040771484e-01,1.450442429631948471e-02,1.467524319887161255e-01,5.265670828521251678e-03,1.984170265495777130e-02,8.696769364178180695e-03,1.417410466820001602e-02,1.478294935077428818e-02
3.880783170461654663e-02,9.475261569023132324e-01,1.644957251846790314e-02,5.824746564030647278e-02,6.439419928938150406e-03,1.636868715286254883e-02,1.196845993399620056e-02,1.703646034002304077e-02,1.472867559641599655e-02
2.343229763209819794e-02,9.539067149162292480e-01,1.134400442242622375e-02,6.802414357662200928e-02,1.178955379873514175e-02,1.865555904805660248e-02,1.814717054367065430e-02,1.524477731436491013e-02,1.339509151875972748e-02
2.468892186880111694e-02,7.604781389236450195e-01,9.033045731484889984e-03,3.708360716700553894e-02,7.907358929514884949e-03,2.156689018011093140e-02,1.784235239028930664e-02,8.340632542967796326e-03,3.254487738013267517e-02
4.235942289233207703e-02,9.506211280822753906e-01,1.399136055260896683e-02,4.862060397863388062e-02,8.509833365678787231e-03,1.215144526213407516e-02,1.322208717465400696e-02,2.195853553712368011e-02,1.560393255203962326e-02
5.765083432197570801e-02,8.810679912567138672e-01,1.250978745520114899e-02,1.695195771753787994e-02,1.894412189722061157e-02,8.888708427548408508e-03,1.891697011888027191e-02,1.329329982399940491e-02,1.469420641660690308e-02
5.769676342606544495e-02,9.394078850746154785e-01,1.227074954658746719e-02,1.627801954746246338e-01,8.504019118845462799e-03,1.572565920650959015e-02,1.189412269741296768e-02,2.130851149559020996e-02,1.538029499351978302e-02
2.966609783470630646e-02,8.623090386390686035e-01,1.387583836913108826e-02,1.089119985699653625e-01,6.452708039432764053e-03,1.252835616469383240e-02,9.689652360975742340e-03,1.076272502541542053e-02,1.071886904537677765e-02
4.116452485322952271e-02,9.567983746528625488e-01,1.850222051143646240e-02,5.957039073109626770e-02,7.592251058667898178e-03,1.452563051134347916e-02,1.609709486365318298e-02,1.595598459243774414e-02,1.250946987420320511e-02
1.283720042556524277e-02,7.561500072479248047e-01,2.471632882952690125e-02,1.290862411260604858e-01,1.204327866435050964e-02,1.884205937385559082e-01,9.285753592848777771e-03,2.149314247071743011e-02,1.239007245749235153e-02
1.517533231526613235e-02,9.622169137001037598e-01,2.570931799709796906e-02,2.093297988176345825e-02,1.588624343276023865e-02,2.100423350930213928e-02,1.612247526645660400e-02,2.003248594701290131e-02,1.357283256947994232e-02
1.857720315456390381e-02,9.617851972579956055e-01,1.847768202424049377e-02,2.271369285881519318e-02,1.318872068077325821e-02,1.963925361633300781e-02,1.590900309383869171e-02,1.991511136293411255e-02,1.354424841701984406e-02
1.469868049025535583e-02,9.407522678375244141e-01,1.585573144257068634e-02,9.680613875389099121e-02,1.136027369648218155e-02,2.431106753647327423e-02,1.205607317388057709e-02,1.499490905553102493e-02,1.384411100298166275e-02
1.277506630867719650e-02,9.444780945777893066e-01,1.857123896479606628e-02,2.528389170765876770e-02,1.293517369776964188e-02,1.823227666318416595e-02,1.477540843188762665e-02,1.647654175758361816e-02,1.322399172931909561e-02
1.427954528480768204e-02,9.555464982986450195e-01,2.134242467582225800e-02,1.781034283339977264e-02,1.569685526192188263e-02,1.704151555895805359e-02,1.699453964829444885e-02,2.003907784819602966e-02,1.238968223333358765e-02
1.501092594116926193e-02,9.581397175788879395e-01,2.166275493800640106e-02,1.925519853830337524e-02,1.427446398884057999e-02,1.816396228969097137e-02,1.760613732039928436e-02,1.973499357700347900e-02,1.274640671908855438e-02
1.980185694992542267e-02,9.440373182296752930e-01,1.564510352909564972e-02,3.884336724877357483e-02,8.843362331390380859e-03,1.659729517996311188e-02,1.280054170638322830e-02,1.708486862480640411e-02,1.195064373314380646e-02
1.405286695808172226e-02,9.501214623451232910e-01,2.154415659606456757e-02,1.799078844487667084e-02,1.371956337243318558e-02,1.532225962728261948e-02,1.870397478342056274e-02,1.873895153403282166e-02,1.278315111994743347e-02
1.356454752385616302e-02,9.461882710456848145e-01,1.820694841444492340e-02,1.827937550842761993e-02,1.307496894150972366e-02,1.405551750212907791e-02,1.938764750957489014e-02,1.836094819009304047e-02,1.549968868494033813e-02
3.400696441531181335e-02,7.356306910514831543e-01,3.817744180560112000e-02,3.461261987686157227e-01,5.378939677029848099e-03,9.836090728640556335e-03,1.668443903326988220e-02,1.310486253350973129e-02,1.417223922908306122e-02
2.018437162041664124e-02,9.647772312164306641e-01,2.207725867629051208e-02,1.877916604280471802e-02,1.680449768900871277e-02,1.258155982941389084e-02,1.960754953324794769e-02,1.997090131044387817e-02,1.429654099047183990e-02
1.603442057967185974e-02,9.576910138130187988e-01,1.392030157148838043e-02,2.872013673186302185e-02,1.482384745031595230e-02,1.546712405979633331e-02,2.040551789104938507e-02,1.755399070680141449e-02,2.645958773791790009e-02
1.298686675727367401e-02,9.146395921707153320e-01,5.137718468904495239e-02,1.767695881426334381e-02,1.419102493673563004e-02,8.547420613467693329e-03,1.503165438771247864e-02,1.467552315443754196e-02,1.255588885396718979e-02
1.003258675336837769e-02,8.220980763435363770e-01,1.624160632491111755e-02,2.360259555280208588e-02,9.359306655824184418e-03,1.560971885919570923e-02,1.324592996388673782e-02,1.676596887409687042e-02,5.248585343360900879e-02
1.226121187210083008e-02,9.438379406929016113e-01,1.813788339495658875e-02,1.835874281823635101e-02,1.893395930528640747e-02,1.496469043195247650e-02,1.378937251865863800e-02,2.182859182357788086e-02,1.532952021807432175e-02
3.163816779851913452e-02,9.252385497093200684e-01,2.921756915748119354e-02,3.264515101909637451e-02,7.748124655336141586e-03,8.207756094634532928e-03,1.240612380206584930e-02,1.591455936431884766e-02,1.467779092490673065e-02
1.729545928537845612e-02,9.473536610603332520e-01,1.605626754462718964e-02,2.899310551583766937e-02,1.290428824722766876e-02,1.217146590352058411e-02,1.759776659309864044e-02,1.511059608310461044e-02,2.674980275332927704e-02
1.862269453704357147e-02,8.480247855186462402e-01,1.365026086568832397e-02,2.849692404270172119e-01,8.490587584674358368e-03,2.649450860917568207e-02,1.546723395586013794e-02,9.050122462213039398e-03,3.396368026733398438e-02
1.930654607713222504e-02,9.551775455474853516e-01,1.902204006910324097e-02,1.799597777426242828e-02,1.784262992441654205e-02,1.221794076263904572e-02,2.289295941591262817e-02,1.533207576721906662e-02,1.912721619009971619e-02
1.606506854295730591e-02,1.191481389105319977e-02,6.324509978294372559e-01,9.537289738655090332e-01,1.290721073746681213e-02,2.694315835833549500e-02,1.365110650658607483e-02,8.945916593074798584e-02,1.824083179235458374e-02
2.184103243052959442e-02,2.285468764603137970e-02,9.728634953498840332e-01,5.564235150814056396e-02,1.919896714389324188e-02,2.301903814077377319e-02,1.618947647511959076e-02,8.883737027645111084e-02,1.879806630313396454e-02
1.667881384491920471e-02,1.381276827305555344e-02,9.451299905776977539e-01,6.551610678434371948e-02,1.306649763137102127e-02,1.497561763972043991e-02,1.407233718782663345e-02,5.736400187015533447e-02,1.217887643724679947e-02
3.347577154636383057e-02,2.033353969454765320e-02,9.645370841026306152e-01,4.387356340885162354e-01,2.663053944706916809e-02,3.806013613939285278e-02,1.118566002696752548e-02,3.756698966026306152e-01,2.647999674081802368e-02
3.464706614613533020e-02,1.863892003893852234e-02,1.090834066271781921e-01,6.088004633784294128e-02,2.201094478368759155e-02,2.616671100258827209e-02,1.077435258775949478e-02,9.742357134819030762e-01,1.812995225191116333e-02
2.275910787284374237e-02,2.390649355947971344e-02,9.741514325141906738e-01,8.075930923223495483e-02,1.947987638413906097e-02,2.385169267654418945e-02,2.238263189792633057e-02,4.211987182497978210e-02,2.213712967932224274e-02
1.935029402375221252e-02,2.377131953835487366e-02,9.582199454307556152e-01,5.307479947805404663e-02,1.580398902297019958e-02,1.583560183644294739e-02,2.013305388391017914e-02,3.254682198166847229e-02,1.539304573088884354e-02
3.988885283470153809e-01,2.424778789281845093e-02,1.054962351918220520e-02,4.714201763272285461e-02,9.344246238470077515e-02,1.546097546815872192e-02,1.936898194253444672e-02,3.022968769073486328e-02,1.971429586410522461e-02
2.258929982781410217e-02,1.053322013467550278e-02,9.679002165794372559e-01,2.180005460977554321e-01,2.461915463209152222e-02,2.400141581892967224e-02,1.696918718516826630e-02,6.298653781414031982e-02,1.991073787212371826e-02
1.066481973975896835e-02,6.985390558838844299e-03,8.196564316749572754e-01,3.364216089248657227e-01,6.972947716712951660e-02,1.634233444929122925e-02,5.784964188933372498e-03,2.882485389709472656e-01,8.626371622085571289e-03
1.287994906306266785e-02,1.720925979316234589e-02,9.356574416160583496e-01,2.906320057809352875e-02,1.725672930479049683e-02,1.253176014870405197e-02,1.453559193760156631e-02,8.280559629201889038e-02,1.400751806795597076e-02
2.705896645784378052e-02,9.592925198376178741e-03,7.319217324256896973e-01,2.190493606030941010e-02,7.877954840660095215e-02,5.771372001618146896e-03,1.033633947372436523e-02,9.039161354303359985e-02,9.148198179900646210e-03
1.671177148818969727e-02,1.681734435260295868e-02,9.571669101715087891e-01,1.094439327716827393e-01,1.683367975056171417e-02,1.584626175463199615e-02,1.656133867800235748e-02,3.840269148349761963e-02,1.487154886126518250e-02
1.379493717104196548e-02,1.970594562590122223e-02,9.320015907287597656e-01,2.870029024779796600e-02,1.904775388538837433e-02,1.203926838934421539e-02,1.579256355762481689e-02,4.254378005862236023e-02,1.289167348295450211e-02
1.911294460296630859e-02,2.441619336605072021e-02,9.570841193199157715e-01,4.766054451465606689e-02,1.979371532797813416e-02,1.670920662581920624e-02,2.215498685836791992e-02,2.531799301505088806e-02,1.634462736546993256e-02
2.103416435420513153e-02,6.297462154179811478e-03,2.208647876977920532e-01,6.274773180484771729e-02,2.925739437341690063e-02,1.129298657178878784e-02,8.979503065347671509e-03,8.914205431938171387e-01,1.263228710740804672e-02
1.815441064536571503e-02,1.418769080191850662e-02,6.796863079071044922e-01,1.484149042516946793e-02,2.752028405666351318e-02,8.669905364513397217e-03,5.976317916065454483e-03,5.527501702308654785e-01,8.763764984905719757e-03
2.222679741680622101e-02,1.104687713086605072e-02,9.396598935127258301e-01,6.040943041443824768e-02,1.062342897057533264e-02,1.218034420162439346e-02,1.900750212371349335e-02,5.083068460226058960e-02,1.156980730593204498e-02
8.580465801060199738e-03,6.939258892089128494e-03,1.027923673391342163e-01,1.805800050497055054e-01,1.765779033303260803e-02,9.084186516702175140e-03,6.245315074920654297e-03,7.189214229583740234e-01,6.783683784306049347e-03
2.595285512506961823e-02,1.835799589753150940e-02,9.590277671813964844e-01,3.536679223179817200e-02,1.947525516152381897e-02,1.518426276743412018e-02,2.371398359537124634e-02,3.987876698374748230e-02,1.465703640133142471e-02
1.320426817983388901e-02,5.664034280925989151e-03,6.373775750398635864e-02,9.579986929893493652e-01,1.255385484546422958e-02,1.630614884197711945e-02,8.772165514528751373e-03,1.024615243077278137e-01,1.122263260185718536e-02
3.479571640491485596e-02,3.692977875471115112e-02,3.739776909351348877e-01,6.781741380691528320e-01,3.908532857894897461e-02,1.108398735523223877e-01,1.523330435156822205e-02,9.694303870201110840e-01,4.991253092885017395e-02
6.660366430878639221e-03,3.684474620968103409e-03,4.644777625799179077e-02,6.134864091873168945e-01,2.415223792195320129e-02,7.954450324177742004e-03,5.362568423151969910e-03,1.590919047594070435e-01,5.539512727409601212e-03
1.007841899991035461e-02,7.425612770020961761e-03,5.049530416727066040e-02,6.875010132789611816e-01,2.061557210981845856e-02,1.400402933359146118e-02,2.310430398210883141e-03,9.251849353313446045e-02,6.944864522665739059e-03
1.499933283776044846e-02,1.181017048656940460e-02,6.817529797554016113e-01,2.333499491214752197e-02,2.343675680458545685e-02,1.580863259732723236e-02,5.628983490169048309e-03,5.776172280311584473e-01,7.207702845335006714e-03
6.073926761746406555e-02,1.968172006309032440e-02,2.309828251600265503e-01,7.347748279571533203e-01,4.379709716886281967e-03,1.069520507007837296e-02,3.677743487060070038e-03,5.827909335494041443e-02,5.404351279139518738e-03
2.297924831509590149e-02,1.725208014249801636e-02,3.315188735723495483e-02,1.225912570953369141e-01,1.631030254065990448e-02,2.770202048122882843e-02,1.193734630942344666e-02,9.637314677238464355e-01,1.598762534558773041e-02
1.520838402211666107e-02,1.179537735879421234e-02,7.377972602844238281e-01,1.506169736385345459e-01,1.839347928762435913e-02,1.912519149482250214e-02,5.191776435822248459e-03,8.044582009315490723e-01,1.385364588350057602e-02
7.455344777554273605e-03,8.608581498265266418e-03,4.210338592529296875e-01,3.221368044614791870e-02,3.675792738795280457e-02,7.264428772032260895e-03,5.850088316947221756e-03,5.292916893959045410e-01,6.077585276216268539e-03
1.513595879077911377e-02,1.474437862634658813e-02,9.505661129951477051e-01,6.418971717357635498e-02,1.725851744413375854e-02,1.330704800784587860e-02,1.618840545415878296e-02,4.962457343935966492e-02,1.418358832597732544e-02
2.019571512937545776e-02,7.279598619788885117e-03,2.839727513492107391e-02,9.693226218223571777e-01,1.121149491518735886e-02,1.273271441459655762e-02,1.172486413270235062e-02,3.128402307629585266e-02,9.793646633625030518e-03
1.966121233999729156e-02,9.386544115841388702e-03,4.823425412178039551e-02,9.788410663604736328e-01,1.182229164987802505e-02,1.527391839772462845e-02,1.305080205202102661e-02,4.456608369946479797e-02,1.175439450889825821e-02
1.396813709288835526e-02,6.827300880104303360e-03,1.528485268354415894e-01,9.526048898696899414e-01,8.905413560569286346e-03,1.194612868130207062e-02,9.709792211651802063e-03,5.597090348601341248e-02,9.153377264738082886e-03
1.541657373309135437e-02,6.163355428725481033e-03,7.977802306413650513e-02,9.650942683219909668e-01,9.835455566644668579e-03,1.426522806286811829e-02,1.010936591774225235e-02,6.814602017402648926e-02,9.071139618754386902e-03
7.682138588279485703e-03,4.533791448920965195e-03,2.992740646004676819e-02,8.369626402854919434e-01,1.381144952028989792e-02,1.048887800425291061e-02,8.506591431796550751e-03,1.562407612800598145e-01,7.255719974637031555e-03
2.530393004417419434e-02,9.891640394926071167e-03,3.607010468840599060e-02,9.743270277976989746e-01,1.010122802108526230e-02,1.394718140363693237e-02,1.145140640437602997e-02,2.724779769778251648e-02,9.927978739142417908e-03
5.770081281661987305e-02,2.787420339882373810e-02,1.517678052186965942e-01,2.379597425460815430e-01,2.609916403889656067e-02,8.357801474630832672e-03,7.318956311792135239e-03,6.552272439002990723e-01,9.846062399446964264e-03
2.085908874869346619e-02,1.443728990852832794e-02,9.559635519981384277e-01,4.405521452426910400e-01,1.733916439116001129e-02,2.704523131251335144e-02,9.741475805640220642e-03,1.200763136148452759e-01,1.851118542253971100e-02
2.218988724052906036e-02,8.722883649170398712e-03,3.032587282359600067e-02,9.601126313209533691e-01,8.297364227473735809e-03,4.344486817717552185e-02,1.101479586213827133e-02,3.105171769857406616e-02,1.696847938001155853e-02
1.876719109714031219e-02,1.542196259833872318e-03,1.329986900091171265e-01,7.568872570991516113e-01,1.076727919280529022e-02,1.008825376629829407e-02,9.558343328535556793e-03,2.721028029918670654e-02,1.249394100159406662e-02
2.917545475065708160e-02,5.809881258755922318e-03,3.683117777109146118e-02,9.490178823471069336e-01,7.136691361665725708e-03,1.460176333785057068e-02,2.447665482759475708e-02,2.396136708557605743e-02,1.369494479149580002e-02
2.466340921819210052e-02,1.259301602840423584e-02,2.174532040953636169e-02,9.755461215972900391e-01,1.094312220811843872e-02,1.472053397446870804e-02,1.650333032011985779e-02,4.015400633215904236e-02,1.499753724783658981e-02
6.712322682142257690e-02,4.306753166019916534e-03,3.109608404338359833e-02,6.826422214508056641e-01,7.480821572244167328e-03,8.924288675189018250e-03,7.375496439635753632e-03,4.891554266214370728e-02,8.224459365010261536e-03
2.111763358116149902e-01,7.443444728851318359e-01,3.326204791665077209e-02,1.474961787462234497e-01,5.401104688644409180e-03,1.002388540655374527e-02,5.048126447945833206e-03,4.563342034816741943e-02,6.532487459480762482e-03
1.198156550526618958e-02,1.278508827090263367e-02,3.076100908219814301e-02,8.284090757369995117e-01,1.534242369234561920e-02,1.744643598794937134e-01,1.108109671622514725e-02,1.129025146365165710e-01,1.179911755025386810e-02
1.131848990917205811e-02,2.288684807717800140e-02,2.897494845092296600e-02,9.462818503379821777e-01,1.493244152516126633e-02,4.756019636988639832e-02,5.941266193985939026e-03,1.569737792015075684e-01,9.617033414542675018e-03
2.669743448495864868e-02,1.096724066883325577e-02,2.632071450352668762e-02,9.780031442642211914e-01,1.116746291518211365e-02,1.915745250880718231e-02,1.282760035246610641e-02,2.434855140745639801e-02,1.255946513265371323e-02
8.599243164062500000e-01,6.980740278959274292e-02,1.978882588446140289e-02,5.207591652870178223e-01,1.053396612405776978e-02,2.548297494649887085e-02,1.095272507518529892e-02,2.938979305326938629e-02,1.664919964969158173e-02
4.303683042526245117e-01,3.512836620211601257e-02,1.984648033976554871e-02,9.075249433517456055e-01,8.971160277724266052e-03,1.949701644480228424e-02,7.062520831823348999e-03,2.394263260066509247e-02,1.169836148619651794e-02
8.683929443359375000e-01,2.114837057888507843e-02,4.412889108061790466e-02,5.608989000320434570e-01,1.384215150028467178e-02,1.980205252766609192e-02,7.381443865597248077e-03,6.322982907295227051e-02,2.065906301140785217e-02
2.012151852250099182e-02,1.167295686900615692e-02,2.587216533720493317e-02,9.768945574760437012e-01,1.179229840636253357e-02,1.699345558881759644e-02,1.617613807320594788e-02,2.465463057160377502e-02,1.198288146406412125e-02
2.071064710617065430e-02,4.900523647665977478e-02,3.734862059354782104e-02,4.583301395177841187e-02,3.138484805822372437e-02,2.273487672209739685e-02,9.433214664459228516e-01,2.385620772838592529e-02,3.272990882396697998e-02
1.994748786091804504e-02,1.039612665772438049e-02,4.138896241784095764e-02,9.764693379402160645e-01,1.341794244945049286e-02,1.674395054578781128e-02,1.267284061759710312e-02,2.238208986818790436e-02,1.088537741452455521e-02
1.210092101246118546e-02,7.734875660389661789e-03,2.471335604786872864e-02,9.655080437660217285e-01,1.556178927421569824e-02,1.976130902767181396e-02,1.173860300332307816e-02,4.747799038887023926e-02,1.561384368687868118e-02
1.814645715057849884e-02,7.416150998324155807e-03,3.388331085443496704e-02,9.656975269317626953e-01,9.587345644831657410e-03,1.368079613894224167e-02,1.125870365649461746e-02,3.156878426671028137e-02,9.289273060858249664e-03
2.269694209098815918e-02,1.028405316174030304e-02,2.897445112466812134e-02,9.699609279632568359e-01,1.229332666844129562e-02,1.544173061847686768e-02,1.791679114103317261e-02,1.614166982471942902e-02,1.208597794175148010e-02
1.721710897982120514e-02,1.137330010533332825e-02,1.745129749178886414e-02,9.706923961639404297e-01,1.635412871837615967e-02,2.090903930366039276e-02,1.230049692094326019e-02,2.229857817292213440e-02,1.368342712521553040e-02
3.088610619306564331e-02,9.380424395203590393e-03,4.059926047921180725e-02,9.802368283271789551e-01,1.091713085770606995e-02,1.727214083075523376e-02,1.132002752274274826e-02,3.416705131530761719e-02,1.155900955200195312e-02
1.474406570196151733e-02,7.215804420411586761e-03,4.355825856328010559e-02,9.598003625869750977e-01,1.056549325585365295e-02,1.344207022339105606e-02,1.009119674563407898e-02,2.757992409169673920e-02,7.999133318662643433e-03
2.306727878749370575e-02,1.181461196392774582e-02,2.272449620068073273e-02,9.732556343078613281e-01,1.139043271541595459e-02,1.444242242723703384e-02,1.558495685458183289e-02,1.949948631227016449e-02,1.210710220038890839e-02
4.202240332961082458e-02,4.228026792407035828e-02,3.540411219000816345e-02,3.924127295613288879e-02,8.922195434570312500e-01,5.927989631891250610e-02,4.885087907314300537e-02,4.266223311424255371e-02,4.224919155240058899e-02
3.274344280362129211e-02,7.229138631373643875e-03,6.125713512301445007e-02,5.912827849388122559e-01,1.214337069541215897e-02,1.947935298085212708e-02,6.135759875178337097e-03,2.446042001247406006e-02,6.944018416106700897e-03
1.915969885885715485e-02,5.994664132595062256e-02,4.103462770581245422e-02,2.813148684799671173e-02,8.916597366333007812e-01,3.157140314579010010e-02,2.863100171089172363e-02,1.050504297018051147e-01,2.771924436092376709e-02
2.156202122569084167e-02,5.275727808475494385e-02,2.972450852394104004e-02,4.369365051388740540e-02,8.710955977439880371e-01,2.672168798744678497e-02,2.865874767303466797e-02,6.594431400299072266e-02,2.522993460297584534e-02
2.383566088974475861e-02,6.348851323127746582e-02,5.271817371249198914e-02,3.432029113173484802e-02,8.879637718200683594e-01,3.342701122164726257e-02,2.833048067986965179e-02,4.759810492396354675e-02,2.808135561645030975e-02
1.883265562355518341e-02,1.077202428132295609e-02,1.788736507296562195e-02,7.232659459114074707e-01,1.198015064001083374e-01,3.806773945689201355e-02,9.789070114493370056e-03,1.202979497611522675e-02,1.295968890190124512e-02
2.120826207101345062e-02,3.826806694269180298e-02,3.468018025159835815e-02,4.536892473697662354e-02,8.622450828552246094e-01,2.842658758163452148e-02,2.857085876166820526e-02,5.633439123630523682e-02,2.657528221607208252e-02
2.802745439112186432e-02,1.557995378971099854e-02,1.979578286409378052e-02,2.627118304371833801e-02,7.932546734809875488e-02,2.105157077312469482e-02,1.010502409189939499e-02,2.089184820652008057e-01,6.504047662019729614e-02
1.328348927199840546e-02,3.284262120723724365e-02,1.953503675758838654e-02,3.962547332048416138e-02,5.272916555404663086e-01,3.140370547771453857e-02,7.361761759966611862e-03,4.387383162975311279e-01,1.637319289147853851e-02
1.987161673605442047e-02,5.173410847783088684e-02,4.042182117700576782e-02,4.071936383843421936e-02,8.679587841033935547e-01,3.113965317606925964e-02,3.208382055163383484e-02,3.885155543684959412e-02,2.679786272346973419e-02
4.291529953479766846e-02,2.400819957256317139e-02,7.950534671545028687e-02,2.256011813879013062e-01,2.911330200731754303e-02,9.090822935104370117e-01,2.738758362829685211e-02,6.539180129766464233e-02,4.765169695019721985e-02
3.600596636533737183e-02,2.951876632869243622e-02,4.502334445714950562e-02,3.129542171955108643e-01,3.436350449919700623e-02,8.934059143066406250e-01,2.475178241729736328e-02,5.115121975541114807e-02,3.613070026040077209e-02
4.279284179210662842e-02,2.505295909941196442e-02,1.055712848901748657e-01,1.650957018136978149e-01,3.134408965706825256e-02,9.084925651550292969e-01,3.439798578619956970e-02,6.094688177108764648e-02,5.203490704298019409e-02
4.041554778814315796e-02,2.362005226314067841e-02,6.258603185415267944e-02,4.049123525619506836e-01,3.001548536121845245e-02,9.076485633850097656e-01,2.609064429998397827e-02,5.909297615289688110e-02,4.351890832185745239e-02
4.593434184789657593e-02,2.345946244895458221e-02,6.655655056238174438e-02,1.442045718431472778e-01,2.977569214999675751e-02,8.582111597061157227e-01,2.048862539231777191e-02,4.738487303256988525e-02,3.004178963601589203e-02
2.698988467454910278e-02,2.925542928278446198e-02,6.284028291702270508e-02,1.405174285173416138e-01,3.185939416289329529e-02,8.693925738334655762e-01,2.855243533849716187e-02,5.140421167016029358e-02,3.565372899174690247e-02
2.676379121840000153e-02,9.252532720565795898e-01,1.924495771527290344e-02,1.724923998117446899e-01,6.962360814213752747e-03,2.771380916237831116e-02,9.189004078507423401e-03,2.317269705235958099e-02,1.884827762842178345e-02
5.039131641387939453e-02,2.281569503247737885e-02,6.512156873941421509e-02,1.789686679840087891e-01,2.238666452467441559e-02,8.828672170639038086e-01,2.767838723957538605e-02,6.535585224628448486e-02,4.148343577980995178e-02
4.939519986510276794e-02,2.549493871629238129e-02,8.021597564220428467e-02,2.357842028141021729e-01,2.643914893269538879e-02,9.120203256607055664e-01,2.748601511120796204e-02,6.569379568099975586e-02,4.526497051119804382e-02
9.071543067693710327e-02,2.156370319426059723e-02,1.920659095048904419e-02,9.781816601753234863e-01,6.858578883111476898e-03,4.286041110754013062e-02,1.782946474850177765e-02,2.533356659114360809e-02,2.189562655985355377e-02
1.612300127744674683e-01,2.865403704345226288e-02,3.585604950785636902e-02,3.329779952764511108e-02,1.967643573880195618e-02,1.716516911983489990e-02,9.303281307220458984e-01,2.064840309321880341e-02,2.153882570564746857e-02
9.257335662841796875e-01,1.846349611878395081e-02,3.376256674528121948e-02,5.786291509866714478e-02,2.247977443039417267e-02,2.049632184207439423e-02,4.834960773587226868e-02,3.586269542574882507e-02,3.026984073221683502e-02
5.622132867574691772e-02,4.227931052446365356e-02,6.080856174230575562e-02,7.421400398015975952e-02,4.399663209915161133e-02,3.865664824843406677e-02,8.932363986968994141e-02,4.708583280444145203e-02,8.737561106681823730e-01
2.112247981131076813e-02,3.979516774415969849e-02,3.553316742181777954e-02,6.438042968511581421e-02,2.830314077436923981e-02,2.081522531807422638e-02,9.477708339691162109e-01,3.013478778302669525e-02,2.870010398328304291e-02
4.025810062885284424e-01,5.843707174062728882e-02,3.572279214859008789e-02,2.352563664317131042e-02,2.568087540566921234e-02,2.262364327907562256e-02,9.269080758094787598e-01,1.777622662484645844e-02,2.669618278741836548e-02
1.281568259000778198e-01,3.476683795452117920e-02,3.874425590038299561e-02,3.786868602037429810e-02,2.321081422269344330e-02,1.529243215918540955e-02,9.304508566856384277e-01,1.590761728584766388e-02,6.629025191068649292e-02
6.392525434494018555e-01,2.132187038660049438e-02,3.497962281107902527e-02,5.098028853535652161e-02,1.454567071050405502e-02,1.468567643314599991e-02,7.240970134735107422e-01,1.571832410991191864e-02,1.930241286754608154e-02
1.992059312760829926e-02,3.346570534631609917e-03,3.606396168470382690e-02,8.725789189338684082e-01,1.083214767277240753e-02,3.511621803045272827e-02,5.465439520776271820e-03,2.231469377875328064e-02,1.052589248865842819e-02
5.331313237547874451e-02,7.944200932979583740e-02,5.917205289006233215e-02,9.921327978372573853e-02,5.712235718965530396e-02,6.503380835056304932e-02,4.592455178499221802e-02,6.868744641542434692e-02,9.040123224258422852e-01
2.598134279251098633e-01,7.909145951271057129e-02,2.955982834100723267e-02,4.855939000844955444e-02,2.043797448277473450e-02,1.797509565949440002e-02,9.429677128791809082e-01,1.729391887784004211e-02,2.780473977327346802e-02
2.293431758880615234e-02,4.363513365387916565e-02,4.132352769374847412e-02,4.675065726041793823e-02,1.976681686937808990e-02,1.936398260295391083e-02,9.446550607681274414e-01,2.450954541563987732e-02,2.431934140622615814e-02
2.077505365014076233e-02,2.294272743165493011e-02,4.678905010223388672e-02,4.220221191644668579e-02,2.203029766678810120e-02,1.869556680321693420e-02,9.239858388900756836e-01,2.689242549240589142e-02,2.236081846058368683e-02
2.037550508975982666e-02,2.429374679923057556e-02,4.210408031940460205e-02,5.769961327314376831e-02,2.243192866444587708e-02,1.877613924443721771e-02,9.326573014259338379e-01,2.417392283678054810e-02,2.316041104495525360e-02
3.098129294812679291e-02,4.971618577837944031e-02,5.641299486160278320e-02,2.622106485068798065e-02,2.125012502074241638e-02,1.911746896803379059e-02,9.456130266189575195e-01,2.651784941554069519e-02,2.356469817459583282e-02
1.479405164718627930e-02,1.923429034650325775e-02,3.805007413029670715e-02,9.978257864713668823e-02,2.030299603939056396e-02,1.778693683445453644e-02,9.077193140983581543e-01,2.690136618912220001e-02,2.022259496152400970e-02
2.320956811308860779e-02,3.111176192760467529e-02,4.110177978873252869e-02,5.924569070339202881e-02,2.081571146845817566e-02,1.828050985932350159e-02,9.400539398193359375e-01,2.669877186417579651e-02,2.116845920681953430e-02
1.972882635891437531e-02,2.414975315332412720e-02,4.458373039960861206e-02,5.310938134789466858e-02,2.328196913003921509e-02,1.771609112620353699e-02,9.303890466690063477e-01,2.517582848668098450e-02,2.351715601980686188e-02
2.053044922649860382e-02,3.442343324422836304e-02,5.058407410979270935e-02,3.797704726457595825e-02,2.391565777361392975e-02,1.822973042726516724e-02,9.322475790977478027e-01,2.754462882876396179e-02,1.975723542273044586e-02
2.017048001289367676e-02,2.646556124091148376e-02,4.531634226441383362e-02,5.092079937458038330e-02,2.224272862076759338e-02,1.773628965020179749e-02,9.297890663146972656e-01,2.558675967156887054e-02,2.013169415295124054e-02
2.838479168713092804e-02,4.858405515551567078e-02,3.619691729545593262e-02,2.877726219594478607e-02,2.706281095743179321e-02,1.976456120610237122e-02,9.462724924087524414e-01,2.697009965777397156e-02,3.161306679248809814e-02
3.611608967185020447e-02,2.852598391473293304e-02,2.492670156061649323e-02,4.107615351676940918e-02,2.308745123445987701e-02,3.794690966606140137e-02,1.293125376105308533e-02,9.704134464263916016e-01,1.616441830992698669e-02
3.227601572871208191e-02,2.325655519962310791e-02,2.208469808101654053e-02,3.699913993477821350e-02,2.139412611722946167e-02,1.977134682238101959e-02,1.488692406564950943e-02,9.600203633308410645e-01,1.644418202340602875e-02
2.832182496786117554e-02,2.169914916157722473e-02,2.787642553448677063e-02,5.139363929629325867e-02,1.620817929506301880e-02,1.917037926614284515e-02,1.261851377785205841e-02,9.594565033912658691e-01,1.374306995421648026e-02
3.775256872177124023e-02,1.925363950431346893e-02,2.819965966045856476e-02,3.778835386037826538e-02,1.551263965666294098e-02,1.754632778465747833e-02,1.250615436583757401e-02,9.539186358451843262e-01,1.492201350629329681e-02
3.541714698076248169e-02,2.901988662779331207e-02,2.538571320474147797e-02,3.069006837904453278e-02,1.859208382666110992e-02,1.768648996949195862e-02,1.272279676049947739e-02,9.569717645645141602e-01,1.408161688596010208e-02
2.955369278788566589e-02,2.374540083110332489e-02,2.680430375039577484e-02,6.508087366819381714e-02,2.049309574067592621e-02,2.531516179442405701e-02,1.335301157087087631e-02,9.689342975616455078e-01,1.838401146233081818e-02
2.540183253586292267e-02,2.245601080358028412e-02,3.003496862947940826e-02,3.875858336687088013e-02,1.894939132034778595e-02,1.726198755204677582e-02,1.231788285076618195e-02,9.568732380867004395e-01,1.333771739155054092e-02
3.639732301235198975e-02,2.039940096437931061e-02,2.604335546493530273e-02,4.240550473332405090e-02,1.886796206235885620e-02,1.920678466558456421e-02,1.406499650329351425e-02,9.609259963035583496e-01,1.674420759081840515e-02
1.034939102828502655e-02,2.648703521117568016e-03,3.191983699798583984e-02,6.939363479614257812e-01,3.737973794341087341e-02,1.451903861016035080e-02,4.097126889973878860e-03,1.949003189802169800e-01,8.207892067730426788e-03
2.868005819618701935e-02,2.636547200381755829e-02,3.138014674186706543e-02,4.557205736637115479e-02,1.832200400531291962e-02,2.133688144385814667e-02,1.227566227316856384e-02,9.642049074172973633e-01,1.582598127424716949e-02
2.368237450718879700e-02,2.208263799548149109e-02,2.502897009253501892e-02,5.316980555653572083e-02,1.850314252078533173e-02,2.160577662289142609e-02,1.373101491481065750e-02,9.591051340103149414e-01,1.376620214432477951e-02
2.261173166334629059e-02,2.485751733183860779e-02,2.904660627245903015e-02,5.521487072110176086e-02,1.821723952889442444e-02,1.922113448381423950e-02,1.400383748114109039e-02,9.578128457069396973e-01,1.340490672737360001e-02
2.352068573236465454e-02,1.966595835983753204e-02,2.470370195806026459e-02,4.552841559052467346e-02,2.246453240513801575e-02,1.925179921090602875e-02,1.394787058234214783e-02,9.560526013374328613e-01,1.462301891297101974e-02
2.283008024096488953e-02,2.842224016785621643e-02,2.130366489291191101e-02,5.555264279246330261e-02,2.692928723990917206e-02,2.115370705723762512e-02,1.384715177118778229e-02,9.588720798492431641e-01,1.479604560881853104e-02
2.326037175953388214e-02,2.400309965014457703e-02,2.630399726331233978e-02,5.958519503474235535e-02,1.921113207936286926e-02,1.924488507211208344e-02,1.497126277536153793e-02,9.574624300003051758e-01,1.507247239351272583e-02
2.121178619563579559e-02,2.430244348943233490e-02,3.103276342153549194e-02,5.710602179169654846e-02,1.927837543189525604e-02,2.304832078516483307e-02,1.339862123131752014e-02,9.620764255523681641e-01,1.427170727401971817e-02
2.129278145730495453e-02,2.346093207597732544e-02,2.872051857411861420e-02,5.637822300195693970e-02,1.762690767645835876e-02,2.041481249034404755e-02,1.385627686977386475e-02,9.571149349212646484e-01,1.363282185047864914e-02
2.475188113749027252e-02,2.707895450294017792e-02,2.560191601514816284e-02,5.696911364793777466e-02,1.917200721800327301e-02,2.176726609468460083e-02,1.614178903400897980e-02,9.611227512359619141e-01,1.512993313372135162e-02
3.256039693951606750e-02,4.110849648714065552e-02,2.616147510707378387e-02,4.479442909359931946e-02,1.965203881263732910e-02,2.396260388195514679e-02,1.456569042056798935e-02,9.690248966217041016e-01,1.753268018364906311e-02
2.250821888446807861e-02,2.422132156789302826e-02,2.455418370664119720e-02,5.968369916081428528e-02,2.169896662235260010e-02,2.137151174247264862e-02,1.345938909798860550e-02,9.606947898864746094e-01,1.451702509075403214e-02
4.726533219218254089e-02,4.692033305764198303e-02,5.173758044838905334e-02,1.444125175476074219e-01,4.140872135758399963e-02,4.459523409605026245e-02,4.259388893842697144e-02,4.037125781178474426e-02,8.678752779960632324e-01
5.579544231295585632e-02,9.403140842914581299e-02,4.900202527642250061e-02,2.229020893573760986e-01,4.761824756860733032e-02,6.103270128369331360e-02,3.214740753173828125e-02,4.561302438378334045e-02,9.001240730285644531e-01
5.201057717204093933e-02,4.353745281696319580e-02,5.808072164654731750e-02,2.055855989456176758e-01,4.632463678717613220e-02,6.444714218378067017e-02,3.767576068639755249e-02,6.091892346739768982e-02,8.929117918014526367e-01
4.453251883387565613e-02,7.387121021747589111e-02,6.080800294876098633e-02,1.222542300820350647e-01,4.804812371730804443e-02,5.392869561910629272e-02,4.008019715547561646e-02,4.803910106420516968e-02,8.855270147323608398e-01
4.579491913318634033e-02,7.702504843473434448e-02,4.695202782750129700e-02,1.100820824503898621e-01,3.099822625517845154e-02,3.537289053201675415e-02,4.258849099278450012e-02,3.951977938413619995e-02,8.490003347396850586e-01
6.287290900945663452e-02,5.348103865981101990e-02,3.875352069735527039e-02,2.529605627059936523e-01,4.930276796221733093e-02,5.535287037491798401e-02,4.093768075108528137e-02,4.034534469246864319e-02,8.912913799285888672e-01
5.246683955192565918e-02,4.172177612781524658e-02,5.758573487401008606e-02,2.507372498512268066e-01,5.063295364379882812e-02,7.158008962869644165e-02,3.285356611013412476e-02,5.992235988378524780e-02,8.924496173858642578e-01
5.629727989435195923e-02,5.299135670065879822e-02,8.130066841840744019e-02,1.634218394756317139e-01,5.019958317279815674e-02,7.190307229757308960e-02,4.606904089450836182e-02,7.925194501876831055e-02,9.117187857627868652e-01
3.797183930873870850e-02,3.878099843859672546e-02,5.076353251934051514e-02,1.026319265365600586e-01,3.197782114148139954e-02,3.263293579220771790e-02,7.872384041547775269e-02,4.366267472505569458e-02,8.341046571731567383e-01
5.371834710240364075e-02,3.510760515928268433e-02,6.906071305274963379e-02,1.631091684103012085e-01,4.984234645962715149e-02,5.214322730898857117e-02,4.999390617012977600e-02,5.967251956462860107e-02,8.883454799652099609e-01
5.172459036111831665e-02,2.570188976824283600e-02,4.628198221325874329e-02,8.697011321783065796e-02,1.856859214603900909e-02,1.669342257082462311e-02,9.471407532691955566e-01,2.723307162523269653e-02,2.488216012716293335e-02
2.228544838726520538e-02,1.885181851685047150e-02,3.330279886722564697e-02,4.175341129302978516e-02,1.733741723001003265e-02,1.741583086550235748e-02,1.112886425107717514e-02,9.519357085227966309e-01,1.273149251937866211e-02
5.130976438522338867e-02,3.956970945000648499e-02,5.098499730229377747e-02,2.484420537948608398e-01,3.075621277093887329e-02,9.040297865867614746e-01,2.912444435060024261e-02,5.232785269618034363e-02,3.354541212320327759e-02
3.128236159682273865e-02,2.734091691672801971e-02,2.176612429320812225e-02,3.457123041152954102e-02,2.351168543100357056e-02,2.122086659073829651e-02,1.581485196948051453e-02,9.618894457817077637e-01,1.696984097361564636e-02
2.017784118652343750e-02,1.143044978380203247e-02,1.968667656183242798e-02,9.756829738616943359e-01,1.125091966241598129e-02,2.420569024980068207e-02,1.787513867020606995e-02,2.887753210961818695e-02,1.482633221894502640e-02
1.271943747997283936e-02,1.156361959874629974e-02,4.443110153079032898e-02,1.241039782762527466e-01,2.389840967953205109e-02,1.171814743429422379e-02,6.219671573489904404e-03,8.775537014007568359e-01,8.377509191632270813e-03
2.050097100436687469e-02,2.269779890775680542e-02,1.911005675792694092e-01,1.784666776657104492e-01,2.907291613519191742e-02,4.394080117344856262e-02,9.029631502926349640e-03,9.703277945518493652e-01,2.128989435732364655e-02
1.743921823799610138e-02,8.794284425675868988e-03,8.530905842781066895e-02,9.750085473060607910e-01,1.048075966536998749e-02,1.208520494401454926e-02,1.320111937820911407e-02,4.961215332150459290e-02,1.106468681246042252e-02
4.567756131291389465e-02,4.338402766734361649e-03,3.109437972307205200e-02,9.453732371330261230e-01,1.074323244392871857e-02,1.245625037699937820e-02,1.039679348468780518e-02,4.718103632330894470e-02,1.215441618114709854e-02
1.717468909919261932e-02,1.087989099323749542e-02,3.074605204164981842e-02,9.732218384742736816e-01,1.266675069928169250e-02,1.339758094400167465e-02,1.232500281184911728e-02,3.762544691562652588e-02,1.199974492192268372e-02
2.569574117660522461e-02,1.057954970747232437e-02,2.149305306375026703e-02,9.656085968017578125e-01,1.200635544955730438e-02,1.361954864114522934e-02,1.512588374316692352e-02,2.942327223718166351e-02,1.618654653429985046e-02
2.275850810110569000e-02,1.460917480289936066e-02,3.198705986142158508e-02,9.609913825988769531e-01,1.134177949279546738e-02,1.774867251515388489e-02,8.936028927564620972e-03,1.656282395124435425e-01,1.348894555121660233e-02
4.408422112464904785e-02,9.263182282447814941e-01,3.867783769965171814e-02,1.601379513740539551e-01,7.013156544417142868e-03,1.276900619268417358e-02,2.252029813826084137e-02,1.318949088454246521e-02,2.918782457709312439e-02
6.407734006643295288e-02,7.191346492618322372e-03,5.230664461851119995e-02,2.804203331470489502e-01,3.680010512471199036e-02,2.488453090190887451e-01,1.152989920228719711e-02,1.279170531779527664e-02,2.966612204909324646e-02
1.446207705885171890e-02,6.320659536868333817e-03,2.887287922203540802e-02,9.401450753211975098e-01,1.311829499900341034e-02,1.260852441191673279e-02,1.801047474145889282e-02,2.622944302856922150e-02,1.443136949092149734e-02
2.695761248469352722e-02,1.238052546977996826e-02,2.403787523508071899e-02,9.735286235809326172e-01,9.696867316961288452e-03,1.853096112608909607e-02,1.314191706478595734e-02,2.348638139665126801e-02,1.177451387047767639e-02
1.598349213600158691e-02,1.068879012018442154e-02,2.486998029053211212e-02,9.456272125244140625e-01,1.222963444888591766e-02,3.096678666770458221e-02,1.341654639691114426e-02,1.235377416014671326e-02,9.731811471283435822e-03
9.260244965553283691e-01,4.683627188205718994e-02,4.581294208765029907e-02,3.996158018708229065e-02,1.627168245613574982e-02,1.370364241302013397e-02,6.789105385541915894e-02,2.395894192159175873e-02,2.125808969140052795e-02
2.824632264673709869e-02,3.027571737766265869e-02,2.131807990372180939e-02,3.154152631759643555e-02,2.197977900505065918e-02,1.815883629024028778e-02,1.473047491163015366e-02,9.563286304473876953e-01,1.473102066665887833e-02
2.197871729731559753e-02,2.495295554399490356e-02,8.287597298622131348e-01,5.764334797859191895e-01,8.469771593809127808e-03,1.677803881466388702e-02,9.699536487460136414e-03,2.147372253239154816e-02,1.082097459584474564e-02
2.171595580875873566e-02,1.555302552878856659e-02,3.672565892338752747e-02,1.113078817725181580e-01,1.753783226013183594e-02,2.323370426893234253e-02,1.393841765820980072e-02,9.621596336364746094e-01,1.575177162885665894e-02
2.081289887428283691e-02,8.501968346536159515e-03,1.656293682754039764e-02,9.659113883972167969e-01,1.313114166259765625e-02,5.289274826645851135e-02,1.045523863285779953e-02,3.240310400724411011e-02,1.262906379997730255e-02
1.199750043451786041e-02,2.331112511456012726e-03,1.791095174849033356e-02,6.486514210700988770e-01,2.801323868334293365e-02,9.388953447341918945e-03,1.808010041713714600e-02,7.096379995346069336e-02,9.283034130930900574e-03
1.483367010951042175e-02,1.091994717717170715e-02,1.849476993083953857e-02,9.581139683723449707e-01,1.661332696676254272e-02,5.703144893050193787e-02,1.331818383187055588e-02,2.253449521958827972e-02,1.367272157222032547e-02
6.106310524046421051e-03,7.249652873724699020e-03,1.529899239540100098e-01,7.235474586486816406e-01,9.614776819944381714e-03,1.260134950280189514e-02,6.032069679349660873e-03,4.207050502300262451e-01,7.999300025403499603e-03
2.423105575144290924e-02,4.778350703418254852e-03,1.922275871038436890e-02,9.081079363822937012e-01,1.501635741442441940e-02,8.463803678750991821e-03,1.220479235053062439e-02,3.502339124679565430e-02,7.443484384566545486e-03
3.000334277749061584e-02,2.129087783396244049e-02,2.414869144558906555e-02,5.073456838726997375e-02,1.919791288673877716e-02,1.980146951973438263e-02,1.234335266053676605e-02,9.595886468887329102e-01,1.415996626019477844e-02
1.972926035523414612e-02,9.613306261599063873e-03,5.225034803152084351e-02,9.725323319435119629e-01,9.455652907490730286e-03,1.247438788414001465e-02,1.296209823340177536e-02,2.594842575490474701e-02,9.877113625407218933e-03
3.129355981945991516e-02,1.639598608016967773e-02,2.466078288853168488e-02,1.300806403160095215e-01,1.488259062170982361e-02,2.511414140462875366e-02,1.168490108102560043e-02,9.567984342575073242e-01,1.686745882034301758e-02
2.284952439367771149e-02,2.034402638673782349e-02,3.291961178183555603e-02,3.551850467920303345e-02,1.654927991330623627e-02,1.581595093011856079e-02,1.306028850376605988e-02,9.501420855522155762e-01,1.254635676741600037e-02
1.041849609464406967e-02,9.410077705979347229e-03,3.676917031407356262e-02,9.476982355117797852e-01,1.375070586800575256e-02,3.443071246147155762e-02,8.386550471186637878e-03,7.267958670854568481e-02,1.311338972300291061e-02
4.951113462448120117e-02,2.995262853801250458e-02,1.705701835453510284e-02,2.950421348214149475e-02,2.282125316560268402e-02,1.960366778075695038e-02,1.221755985170602798e-02,9.565884470939636230e-01,1.862387917935848236e-02
9.806527197360992432e-02,3.499026410281658173e-03,1.168910712003707886e-01,1.775626838207244873e-01,8.374982513487339020e-03,4.780541639775037766e-03,1.095456909388303757e-02,2.076058834791183472e-02,8.847697637975215912e-03
1.704886555671691895e-02,1.008136942982673645e-02,8.314176201820373535e-01,5.428652763366699219e-01,1.571122929453849792e-02,1.032037660479545593e-02,1.382285915315151215e-02,8.101704716682434082e-02,1.188317127525806427e-02
9.452688507735729218e-03,7.225210778415203094e-03,4.211262241005897522e-02,9.329591393470764160e-01,1.332462020218372345e-02,3.027531318366527557e-02,7.027004379779100418e-03,1.889768987894058228e-01,1.151741202920675278e-02
8.924633264541625977e-01,2.032290957868099213e-02,3.907467424869537354e-02,2.644488774240016937e-02,1.937609352171421051e-02,1.752694137394428253e-02,1.726725101470947266e-01,3.199606016278266907e-02,2.424591779708862305e-02
1.944017596542835236e-02,5.698806047439575195e-02,1.394837629050016403e-02,4.713133275508880615e-01,2.349086664617061615e-02,5.314456820487976074e-01,1.274012494832277298e-02,1.917611621320247650e-02,2.375556714832782745e-02
5.143828224390745163e-03,1.650323718786239624e-02,1.915700435638427734e-01,1.579297035932540894e-01,2.225334346294403076e-01,1.172779873013496399e-02,8.090381510555744171e-03,2.385102771222591400e-02,6.971921771764755249e-03
2.005391009151935577e-02,1.329879183322191238e-02,3.327861055731773376e-02,9.814795851707458496e-01,1.205028221011161804e-02,2.671226859092712402e-02,1.421589497476816177e-02,3.868595138192176819e-02,1.436568237841129303e-02
8.350319415330886841e-02,1.107462961226701736e-02,7.332339882850646973e-02,8.514463901519775391e-01,8.376419544219970703e-03,1.067971251904964447e-02,2.226472087204456329e-02,8.687221445143222809e-03,7.635146845132112503e-03
5.621259566396474838e-03,6.014099344611167908e-03,4.501692056655883789e-01,7.144185304641723633e-01,1.148886512964963913e-02,1.205188315361738205e-02,6.128288339823484421e-03,1.361016035079956055e-01,9.118391200900077820e-03
