5.394363403320312500e-01,2.657216787338256836e-02,5.683849453926086426e-01,5.692890286445617676e-02,9.684888273477554321e-02,5.519444867968559265e-02,4.594710841774940491e-02,2.147117070853710175e-02
1.002221181988716125e-01,1.626693457365036011e-02,5.390654206275939941e-01,3.649431765079498291e-01,8.968417346477508545e-02,2.383217215538024902e-02,3.410657495260238647e-02,3.895478695631027222e-02
3.804569244384765625e-01,4.621120169758796692e-02,4.447225332260131836e-01,3.282439708709716797e-02,1.533811390399932861e-01,2.615667507052421570e-02,3.406687080860137939e-02,2.010531350970268250e-02
3.481861054897308350e-01,9.600584954023361206e-02,1.161962896585464478e-01,2.617257535457611084e-01,9.011064469814300537e-02,2.643418684601783752e-02,3.295718878507614136e-02,1.647816598415374756e-02
4.985088109970092773e-02,2.987472526729106903e-02,6.297920346260070801e-01,7.670002430677413940e-02,1.765121072530746460e-01,1.851624995470046997e-02,2.357304841279983521e-02,5.045910552144050598e-02
8.450826406478881836e-01,5.193367972970008850e-02,3.299518823623657227e-01,7.759476453065872192e-02,1.713206171989440918e-01,1.031886711716651917e-01,6.869749724864959717e-02,3.479637205600738525e-02
9.554230421781539917e-02,2.904679626226425171e-02,8.495739102363586426e-01,6.248103082180023193e-02,4.614573344588279724e-02,5.317252874374389648e-02,3.597588837146759033e-02,6.733406335115432739e-02
8.072978854179382324e-01,7.331814616918563843e-02,2.384624779224395752e-01,1.134279444813728333e-01,1.941133886575698853e-01,5.275572836399078369e-02,6.289402395486831665e-02,3.659275919198989868e-02
5.466459393501281738e-01,1.933477632701396942e-02,3.258361220359802246e-01,5.738624185323715210e-02,5.748176947236061096e-02,3.862285614013671875e-01,3.961613774299621582e-02,3.248623386025428772e-02
1.043369174003601074e-01,4.279157891869544983e-02,4.461286067962646484e-01,6.243288889527320862e-02,3.191196918487548828e-02,3.812274336814880371e-02,1.857770606875419617e-02,2.258351631462574005e-02
6.153151392936706543e-02,9.632822871208190918e-01,5.099193006753921509e-02,7.514479011297225952e-02,9.295195341110229492e-02,4.364990070462226868e-02,4.368388652801513672e-02,2.909261360764503479e-02
6.224223971366882324e-01,1.490764617919921875e-01,1.490494757890701294e-01,1.300646811723709106e-01,1.628001332283020020e-01,3.153792396187782288e-02,4.161361977458000183e-02,1.623583957552909851e-02
8.212888240814208984e-01,6.871386617422103882e-02,2.914224565029144287e-01,1.090230867266654968e-01,1.363421380519866943e-01,8.170553296804428101e-02,6.446347385644912720e-02,2.924138307571411133e-02
6.333099007606506348e-01,2.758935652673244476e-02,1.840023249387741089e-01,5.816110596060752869e-02,1.469397246837615967e-01,1.809575259685516357e-01,4.623800888657569885e-02,2.255205065011978149e-02
7.891507744789123535e-01,5.201321467757225037e-02,2.254231423139572144e-01,1.409821212291717529e-01,2.342724651098251343e-01,7.828772813081741333e-02,6.876201927661895752e-02,4.024081304669380188e-02
7.071480751037597656e-01,2.989294938743114471e-02,4.160690307617187500e-01,1.486765891313552856e-01,1.033358573913574219e-01,9.843768179416656494e-02,5.125942826271057129e-02,2.994516305625438690e-02
7.941664457321166992e-01,5.174538865685462952e-02,3.119210898876190186e-01,4.380471631884574890e-02,2.353865206241607666e-01,8.981535583734512329e-02,6.166324019432067871e-02,1.985991187393665314e-02
8.696386814117431641e-01,4.842663928866386414e-02,3.685777485370635986e-01,1.048268303275108337e-01,2.083272188901901245e-01,9.671181440353393555e-02,9.117629379034042358e-02,5.049057304859161377e-02
8.077747821807861328e-01,3.612719848752021790e-02,2.408367991447448730e-01,5.295921862125396729e-02,1.255576908588409424e-01,4.782403409481048584e-01,6.627883017063140869e-02,3.805508837103843689e-02
5.209698677062988281e-01,1.145744416862726212e-02,5.852130055427551270e-01,2.558560483157634735e-02,1.529952138662338257e-01,2.234605699777603149e-01,4.802567139267921448e-02,4.834731668233871460e-02
7.999469041824340820e-01,6.298452615737915039e-02,2.553225755691528320e-01,8.846753090620040894e-02,2.816562950611114502e-01,4.782849177718162537e-02,6.822490692138671875e-02,3.959674760699272156e-02
7.936131358146667480e-01,3.034842573106288910e-02,4.975483715534210205e-01,1.159828379750251770e-01,2.075830996036529541e-01,7.674430310726165771e-02,7.906038314104080200e-02,6.108945980668067932e-02
1.643347591161727905e-01,4.349593818187713623e-02,2.967836260795593262e-01,2.459045313298702240e-02,1.419057548046112061e-01,4.508211836218833923e-02,3.442953899502754211e-02,1.785574853420257568e-01
6.286397576332092285e-02,9.381687045097351074e-01,6.297325342893600464e-02,3.740106523036956787e-02,1.169365644454956055e-01,3.324265033006668091e-02,3.597712889313697815e-02,2.743721380829811096e-02
9.265276044607162476e-02,1.735901981592178345e-01,7.342842966318130493e-02,3.397743403911590576e-02,9.103702902793884277e-01,3.782644122838973999e-02,4.924119636416435242e-02,3.736764565110206604e-02
3.116792440414428711e-02,9.315806627273559570e-01,6.941899657249450684e-02,4.972616955637931824e-02,8.470964431762695312e-02,3.763148188591003418e-02,3.224990889430046082e-02,4.061369225382804871e-02
5.004893243312835693e-02,9.670461416244506836e-01,5.916777998208999634e-02,6.135003268718719482e-02,1.169117912650108337e-01,4.545744881033897400e-02,5.199860408902168274e-02,4.406502842903137207e-02
2.875421941280364990e-02,2.521515190601348877e-01,1.138586774468421936e-01,7.990439534187316895e-01,6.817834079265594482e-02,1.257588062435388565e-02,2.712633274495601654e-02,4.953373596072196960e-02
3.521344438195228577e-02,9.567499756813049316e-01,7.086701691150665283e-02,6.964102387428283691e-02,8.173485845327377319e-02,3.525735810399055481e-02,3.771215677261352539e-02,4.717533662915229797e-02
3.295321390032768250e-02,9.416360259056091309e-01,7.790901511907577515e-02,4.565352946519851685e-02,8.655539155006408691e-02,5.008057132363319397e-02,3.516773506999015808e-02,4.831003025174140930e-02
9.188909828662872314e-02,8.325328826904296875e-01,1.468082070350646973e-01,3.248434513807296753e-02,7.969142496585845947e-02,3.261354938149452209e-02,3.176639974117279053e-02,1.178526598960161209e-02
9.665038436651229858e-02,4.622108861804008484e-02,5.398204326629638672e-01,4.162644967436790466e-02,2.964882552623748779e-02,9.498833119869232178e-02,2.876433916389942169e-02,4.199701547622680664e-02
7.793748378753662109e-02,9.565271139144897461e-01,6.178795918822288513e-02,6.331288814544677734e-02,1.009870767593383789e-01,4.234261810779571533e-02,4.092397913336753845e-02,2.767480537295341492e-02
4.240917414426803589e-02,9.640324115753173828e-01,5.388489365577697754e-02,6.806021183729171753e-02,9.339080005884170532e-02,4.796249046921730042e-02,4.234381020069122314e-02,3.908668085932731628e-02
5.823342129588127136e-02,9.520387053489685059e-01,6.353997439146041870e-02,6.511068344116210938e-02,8.768931776285171509e-02,3.081502765417098999e-02,3.955768793821334839e-02,3.546033054590225220e-02
4.528091475367546082e-02,6.157219782471656799e-02,3.875784575939178467e-01,9.072107076644897461e-02,1.359336078166961670e-01,7.157193124294281006e-02,4.822975769639015198e-02,7.786594629287719727e-01
1.217536851763725281e-01,3.192557767033576965e-02,7.636114954948425293e-01,3.840051591396331787e-02,7.914508879184722900e-02,2.592371776700019836e-02,2.961519919335842133e-02,3.895543888211250305e-02
4.865316674113273621e-02,3.602895140647888184e-01,2.624781429767608643e-01,4.141771420836448669e-02,3.389486297965049744e-02,3.446021676063537598e-02,1.710342429578304291e-02,1.082336902618408203e-02
3.748007416725158691e-01,4.301843941211700439e-01,9.353248029947280884e-02,4.360390827059745789e-02,6.871120631694793701e-02,4.080850630998611450e-02,3.265759721398353577e-02,1.398039143532514572e-02
6.876931339502334595e-02,8.281884193420410156e-01,4.244514554738998413e-02,2.017454802989959717e-01,2.642399370670318604e-01,1.970186270773410797e-02,5.353994295001029968e-02,2.172418124973773956e-02
6.182044371962547302e-02,3.816241025924682617e-02,6.249015927314758301e-01,3.356431424617767334e-02,1.029111072421073914e-01,2.406481653451919556e-02,2.540335059165954590e-02,6.127182394266128540e-02
1.600598841905593872e-01,6.947785615921020508e-01,9.641114622354507446e-02,5.022761598229408264e-02,8.172959089279174805e-02,2.262584120035171509e-02,3.341040015220642090e-02,9.331543929874897003e-03
3.328725397586822510e-01,8.335284590721130371e-01,5.752444639801979065e-02,3.931501135230064392e-02,2.262579053640365601e-01,5.216143652796745300e-02,4.998317733407020569e-02,1.626985706388950348e-02
2.652311883866786957e-02,9.242123961448669434e-01,5.869780853390693665e-02,1.792851835489273071e-01,6.012975051999092102e-02,2.709029428660869598e-02,3.042332828044891357e-02,3.273885324597358704e-02
1.492164731025695801e-01,5.787647962570190430e-01,6.115884706377983093e-02,4.821024835109710693e-02,1.176626905798912048e-01,1.902361586689949036e-02,2.685829624533653259e-02,1.081784162670373917e-02
2.815985679626464844e-02,6.036022305488586426e-01,5.920132622122764587e-02,7.339251637458801270e-01,7.545425742864608765e-02,1.512536499649286270e-02,2.909264899790287018e-02,5.541224405169487000e-02
2.709217369556427002e-02,6.361091732978820801e-01,5.936831608414649963e-02,6.478527784347534180e-01,6.154583767056465149e-02,1.809664443135261536e-02,3.006401658058166504e-02,3.093571588397026062e-02
3.988636285066604614e-02,9.573711752891540527e-01,7.181044667959213257e-02,5.745317786931991577e-02,9.092441201210021973e-02,3.791987523436546326e-02,3.882699459791183472e-02,5.551701039075851440e-02
2.026792466640472412e-01,2.138517349958419800e-01,3.522986173629760742e-01,2.035338431596755981e-01,2.866417542099952698e-02,2.984836697578430176e-02,2.665369771420955658e-02,9.327519685029983521e-03
4.153600335121154785e-02,6.975323706865310669e-02,8.771587163209915161e-02,8.383985161781311035e-01,4.297604411840438843e-02,8.440732210874557495e-02,2.790703438222408295e-02,4.872696474194526672e-02
6.757178902626037598e-02,9.068859815597534180e-01,6.896460801362991333e-02,5.344705283641815186e-02,3.492119163274765015e-02,5.034886673092842102e-02,3.113752976059913635e-02,1.758631318807601929e-02
1.880700886249542236e-02,2.698304653167724609e-01,1.921137273311614990e-01,1.587323993444442749e-01,9.069977700710296631e-02,1.491367537528276443e-02,2.111541666090488434e-02,8.429060876369476318e-02
4.404518380761146545e-02,3.904773667454719543e-02,6.818180084228515625e-01,1.343280673027038574e-01,8.843164145946502686e-02,2.136528305709362030e-02,2.457872778177261353e-02,6.443604081869125366e-02
4.014222696423530579e-02,7.319784164428710938e-01,9.652545303106307983e-02,1.506586223840713501e-01,5.538857728242874146e-02,1.348181534558534622e-02,2.328978665173053741e-02,2.838051505386829376e-02
1.225416287779808044e-01,8.541316390037536621e-01,9.930450469255447388e-02,5.480505526065826416e-02,8.473096042871475220e-02,1.928928308188915253e-02,3.041669167578220367e-02,1.634571701288223267e-02
4.810503870248794556e-02,9.437967538833618164e-01,1.022315099835395813e-01,6.353720277547836304e-02,8.447156846523284912e-02,2.866953611373901367e-02,3.382970020174980164e-02,3.582600131630897522e-02
3.455338627099990845e-02,7.321301102638244629e-01,1.622497588396072388e-01,8.890677243471145630e-02,5.518304184079170227e-02,2.228490822017192841e-02,2.915707416832447052e-02,2.846882678568363190e-02
4.288286566734313965e-01,2.102960832417011261e-02,4.337723851203918457e-01,2.457728236913681030e-02,8.852029591798782349e-02,1.803815364837646484e-01,3.310183063149452209e-02,2.309430390596389771e-02
2.901596017181873322e-02,9.635990113019943237e-02,1.277594268321990967e-01,8.769536614418029785e-01,6.679944694042205811e-02,2.164621278643608093e-02,2.792725898325443268e-02,7.317115366458892822e-02
6.393910199403762817e-02,7.249396294355392456e-02,7.503556013107299805e-01,6.206955388188362122e-02,3.438059985637664795e-02,4.144868627190589905e-02,2.549385465681552887e-02,7.983525842428207397e-02
1.722212284803390503e-01,9.430258274078369141e-01,7.007646560668945312e-02,5.295555293560028076e-02,1.394248306751251221e-01,3.855542466044425964e-02,4.979771748185157776e-02,2.179697155952453613e-02
4.191467538475990295e-02,8.207296729087829590e-01,8.004095405340194702e-02,2.074345648288726807e-01,4.842416942119598389e-02,1.520412694662809372e-02,2.379499748349189758e-02,2.145772613584995270e-02
1.622795462608337402e-01,8.853211402893066406e-01,1.189960688352584839e-01,5.226650089025497437e-02,8.400461077690124512e-02,3.509225323796272278e-02,3.479202464222908020e-02,1.491774618625640869e-02
4.519770666956901550e-02,6.865665316581726074e-02,6.211574077606201172e-01,5.479750409722328186e-02,7.974921166896820068e-02,2.458909898996353149e-02,2.314334549009799957e-02,1.126826182007789612e-01
2.840290591120719910e-02,6.586105227470397949e-01,6.143158674240112305e-02,2.961346805095672607e-01,6.816264986991882324e-02,1.691250316798686981e-02,2.178854867815971375e-02,3.433080017566680908e-02
5.685183405876159668e-02,9.245641827583312988e-01,5.199617147445678711e-02,5.124826729297637939e-02,1.774915456771850586e-01,3.125825151801109314e-02,3.764960169792175293e-02,3.364272415637969971e-02
1.450422704219818115e-01,7.698380351066589355e-01,4.404753074049949646e-02,3.238471224904060364e-02,7.054746150970458984e-01,3.848889842629432678e-02,6.090484187006950378e-02,2.985961362719535828e-02
3.336335346102714539e-02,9.552357196807861328e-01,6.582742929458618164e-02,7.124853134155273438e-02,8.425189554691314697e-02,3.693587332963943481e-02,3.652206063270568848e-02,3.723121434450149536e-02
2.694354578852653503e-02,9.122790098190307617e-01,4.362103343009948730e-02,2.392198890447616577e-01,8.825724571943283081e-02,3.010944835841655731e-02,4.005834832787513733e-02,4.797286540269851685e-02
6.773439794778823853e-02,9.540342092514038086e-01,6.388001888990402222e-02,5.540927499532699585e-02,1.334186494350433350e-01,2.986249141395092010e-02,4.440705105662345886e-02,3.006848879158496857e-02
3.189859911799430847e-02,9.608178138732910156e-01,6.148693338036537170e-02,9.756182134151458740e-02,6.686138361692428589e-02,4.183063656091690063e-02,3.934175521135330200e-02,4.735673591494560242e-02
6.695801019668579102e-01,9.200152754783630371e-02,1.881497949361801147e-01,1.428056210279464722e-01,1.102999076247215271e-01,7.498382031917572021e-02,4.705218970775604248e-02,3.603696078062057495e-02
5.154649540781974792e-02,8.038752675056457520e-01,7.890384644269943237e-02,7.342472672462463379e-02,8.869548887014389038e-02,1.755757629871368408e-02,2.590661309659481049e-02,1.853289455175399780e-02
2.599615976214408875e-02,9.311855435371398926e-01,7.802660763263702393e-02,8.119688183069229126e-02,1.002537682652473450e-01,2.632999978959560394e-02,3.201344236731529236e-02,5.216295272111892700e-02
2.204551734030246735e-02,8.715463876724243164e-01,6.295298039913177490e-02,3.338766098022460938e-01,5.233358591794967651e-02,2.291269041597843170e-02,2.742681279778480530e-02,3.568940609693527222e-02
3.651603683829307556e-02,9.538434743881225586e-01,7.576643675565719604e-02,6.533342599868774414e-02,7.153307646512985229e-02,4.142249375581741333e-02,3.545966744422912598e-02,4.063733294606208801e-02
3.353247418999671936e-02,9.403601884841918945e-01,8.487238734960556030e-02,6.860610842704772949e-02,7.391031831502914429e-02,3.339429572224617004e-02,3.229751065373420715e-02,4.059689864516258240e-02
3.368115797638893127e-02,1.341930776834487915e-01,4.926600754261016846e-01,1.251325011253356934e-01,2.294303327798843384e-01,1.683720760047435760e-02,3.310843929648399353e-02,3.062722384929656982e-01
3.515186533331871033e-02,9.527607560157775879e-01,7.573481649160385132e-02,6.646858155727386475e-02,7.420334219932556152e-02,3.807662799954414368e-02,3.534051030874252319e-02,4.269050806760787964e-02
2.816403284668922424e-02,9.228283762931823730e-01,6.767108291387557983e-02,6.389661878347396851e-02,6.778536736965179443e-02,2.798229642212390900e-02,2.811191789805889130e-02,3.650220111012458801e-02
7.039346694946289062e-01,4.168441146612167358e-02,3.416210114955902100e-01,8.471987396478652954e-02,2.102803438901901245e-01,4.063520580530166626e-02,5.010183155536651611e-02,2.708623558282852173e-02
2.911316975951194763e-02,9.429494142532348633e-01,8.199235051870346069e-02,9.284284710884094238e-02,6.779978424310684204e-02,2.922450937330722809e-02,3.286806866526603699e-02,3.896886482834815979e-02
2.732816711068153381e-02,9.388124942779541016e-01,7.104148715734481812e-02,1.031117737293243408e-01,6.238280609250068665e-02,3.041812404990196228e-02,3.112467192113399506e-02,3.739980235695838928e-02
3.369631618261337280e-02,9.421532154083251953e-01,5.957091227173805237e-02,5.223432555794715881e-02,6.736273318529129028e-02,3.763816878199577332e-02,3.299636021256446838e-02,4.009733349084854126e-02
2.960484847426414490e-02,9.449123740196228027e-01,6.087853386998176575e-02,9.874880313873291016e-02,5.150935798883438110e-02,3.294105455279350281e-02,3.254832327365875244e-02,3.753092139959335327e-02
3.097664378583431244e-02,9.556418657302856445e-01,6.466180831193923950e-02,6.993931531906127930e-02,6.745398044586181641e-02,3.914143145084381104e-02,3.764864429831504822e-02,5.322967842221260071e-02
2.897101826965808868e-02,9.403527975082397461e-01,6.414735317230224609e-02,5.418584495782852173e-02,6.580249220132827759e-02,3.935830295085906982e-02,3.321093320846557617e-02,4.848367348313331604e-02
3.161707893013954163e-02,9.511532783508300781e-01,6.344608217477798462e-02,6.612635403871536255e-02,8.051177114248275757e-02,3.717821463942527771e-02,3.877378255128860474e-02,5.439295247197151184e-02
4.837695136666297913e-02,9.239459633827209473e-01,5.205443501472473145e-02,4.285999014973640442e-02,9.219384193420410156e-02,3.042977675795555115e-02,3.234867006540298462e-02,4.096513241529464722e-02
3.174893185496330261e-02,9.448431134223937988e-01,6.800077110528945923e-02,5.652427673339843750e-02,7.249079644680023193e-02,3.623612970113754272e-02,3.533913567662239075e-02,5.294299125671386719e-02
4.346035420894622803e-01,3.352861702442169189e-01,8.648979663848876953e-02,4.942613095045089722e-02,1.722304970026016235e-01,2.421058528125286102e-02,3.457180783152580261e-02,1.844559051096439362e-02
8.750329017639160156e-01,6.759151071310043335e-02,2.610228657722473145e-01,8.161243051290512085e-02,1.656556129455566406e-01,1.623743921518325806e-01,8.226667344570159912e-02,3.146112337708473206e-02
7.390511780977249146e-02,8.548767566680908203e-01,8.792722225189208984e-02,2.800607122480869293e-02,8.531576395034790039e-02,7.095934450626373291e-02,3.833485767245292664e-02,1.888093166053295135e-02
1.032358705997467041e-01,5.801948904991149902e-02,6.801663637161254883e-01,6.665832549333572388e-02,6.634622812271118164e-02,1.475055143237113953e-02,2.735896781086921692e-02,1.753099635243415833e-02
8.218081295490264893e-02,3.372596204280853271e-02,7.015024423599243164e-01,4.145003482699394226e-02,2.011218667030334473e-01,1.809039711952209473e-02,3.115717694163322449e-02,4.376164078712463379e-02
3.673848882317543030e-02,3.706956282258033752e-02,6.701270341873168945e-01,1.769159138202667236e-01,5.630832538008689880e-02,1.737139187753200531e-02,2.282477542757987976e-02,7.519578188657760620e-02
2.438083663582801819e-02,5.578177422285079956e-02,3.219723999500274658e-01,7.290093302726745605e-01,4.488625749945640564e-02,1.832908019423484802e-02,2.150776050984859467e-02,5.735018476843833923e-02
4.484559223055839539e-02,9.397475123405456543e-01,5.285578966140747070e-02,5.254174023866653442e-02,7.936742901802062988e-02,3.834524005651473999e-02,3.365376964211463928e-02,2.295820042490959167e-02
7.741508632898330688e-02,2.861872874200344086e-02,7.992396354675292969e-01,4.584670439362525940e-02,2.785599231719970703e-01,3.744153305888175964e-02,4.354733228683471680e-02,8.429439365863800049e-02
2.794663608074188232e-01,2.782148867845535278e-02,4.382520914077758789e-01,2.290999442338943481e-01,4.730026796460151672e-02,3.789512813091278076e-02,3.080188110470771790e-02,2.145354636013507843e-02
1.837444603443145752e-01,6.235198378562927246e-01,2.122997790575027466e-01,2.749669738113880157e-02,4.694237560033798218e-02,5.530507490038871765e-02,3.581012040376663208e-02,6.713535171002149582e-03
8.811889588832855225e-02,5.268488451838493347e-02,1.558900922536849976e-01,3.538116440176963806e-02,9.143478274345397949e-01,5.316561833024024963e-02,5.485097691416740417e-02,5.321204289793968201e-02
5.328869819641113281e-02,5.104332044720649719e-02,8.465477824211120605e-01,7.342009991407394409e-02,3.978304564952850342e-02,3.696538880467414856e-02,3.102825768291950226e-02,7.240922003984451294e-02
9.624970704317092896e-02,3.387520834803581238e-02,8.177763819694519043e-01,4.246262833476066589e-02,1.740826666355133057e-01,2.510324493050575256e-02,3.936343267560005188e-02,6.324844807386398315e-02
7.615035772323608398e-02,9.057153016328811646e-02,5.092961788177490234e-01,9.348705410957336426e-02,4.809020459651947021e-02,1.384214591234922409e-02,1.798302680253982544e-02,2.370525337755680084e-02
4.201062023639678955e-02,2.682828716933727264e-02,6.854640841484069824e-01,3.236601054668426514e-01,6.487511098384857178e-02,2.782274596393108368e-02,2.820872887969017029e-02,1.057274639606475830e-01
4.540458619594573975e-01,2.508283220231533051e-02,8.359510898590087891e-01,5.245208740234375000e-02,1.263802200555801392e-01,5.979492515325546265e-02,6.253813207149505615e-02,3.412670269608497620e-02
7.541709542274475098e-01,3.590618818998336792e-02,4.951995909214019775e-01,8.324360847473144531e-02,1.591905951499938965e-01,5.814814195036888123e-02,5.909725278615951538e-02,3.097127191722393036e-02
3.133610263466835022e-02,2.946377731859683990e-02,4.153352677822113037e-01,6.628989577293395996e-01,4.456617310643196106e-02,2.531550638377666473e-02,2.217208221554756165e-02,6.072404608130455017e-02
3.394945710897445679e-02,4.717622697353363037e-02,2.831657826900482178e-01,2.346523702144622803e-01,1.263920664787292480e-01,5.435106530785560608e-02,4.339189827442169189e-02,7.547692656517028809e-01
1.547669619321823120e-01,4.021080210804939270e-02,7.712914347648620605e-01,5.051763728260993958e-02,5.030086264014244080e-02,3.973286598920822144e-02,3.161074593663215637e-02,3.554612398147583008e-02
9.113541990518569946e-02,2.115583606064319611e-02,7.829013466835021973e-01,5.520585179328918457e-02,1.251819580793380737e-01,2.780153602361679077e-02,2.951486408710479736e-02,3.768073767423629761e-02
6.494346261024475098e-02,3.049816004931926727e-02,8.476507067680358887e-01,1.008133292198181152e-01,6.320323050022125244e-02,4.815475642681121826e-02,3.816970437765121460e-02,7.795575261116027832e-02
4.222340285778045654e-01,2.404973097145557404e-02,8.301038742065429688e-01,5.842630565166473389e-02,1.072796434164047241e-01,7.646692544221878052e-02,6.242676451802253723e-02,3.229958191514015198e-02
6.024182587862014771e-02,3.316557779908180237e-02,7.480726838111877441e-01,7.684192061424255371e-02,1.694881618022918701e-01,1.860363408923149109e-02,3.410662338137626648e-02,1.095498129725456238e-01
8.973078429698944092e-02,1.844074390828609467e-02,7.452486157417297363e-01,4.450366273522377014e-02,1.898747682571411133e-01,4.330183193087577820e-02,3.728852421045303345e-02,4.388089478015899658e-02
6.273640990257263184e-01,1.440198626369237900e-02,3.045406043529510498e-01,5.102839320898056030e-02,1.378461718559265137e-01,5.724444389343261719e-01,5.391407385468482971e-02,5.497923120856285095e-02
7.615715265274047852e-01,3.101944178342819214e-02,4.568735659122467041e-01,9.601318836212158203e-02,2.720604240894317627e-01,6.158527359366416931e-02,6.909334659576416016e-02,5.648832768201828003e-02
1.277451515197753906e-01,2.557042986154556274e-02,7.111551165580749512e-01,3.260904550552368164e-02,3.214930295944213867e-01,3.873448446393013000e-02,3.892790153622627258e-02,2.838643640279769897e-02
3.273431584239006042e-02,2.262706607580184937e-01,4.403625428676605225e-01,1.811255663633346558e-01,5.318218842148780823e-02,1.453077699989080429e-02,2.000938914716243744e-02,7.596015930175781250e-02
2.431657612323760986e-01,2.192966267466545105e-02,8.177073597908020020e-01,3.013635799288749695e-02,1.022669821977615356e-01,7.922460138797760010e-02,4.430808871984481812e-02,3.088590130209922791e-02
3.768478631973266602e-01,1.905312761664390564e-02,1.023977175354957581e-01,3.233790770173072815e-02,5.117062330245971680e-01,4.000861644744873047e-01,4.852851107716560364e-02,2.298306114971637726e-02
1.220756471157073975e-01,2.817601151764392853e-02,8.318174481391906738e-01,5.349671840667724609e-02,1.120310574769973755e-01,2.456964179873466492e-02,3.508391603827476501e-02,4.121313244104385376e-02
5.541079863905906677e-02,2.694430202245712280e-02,8.005013465881347656e-01,8.072173595428466797e-02,4.811455681920051575e-02,3.583993390202522278e-02,2.778050675988197327e-02,7.839698344469070435e-02
7.358358800411224365e-02,4.043926671147346497e-02,8.229227662086486816e-01,4.940753057599067688e-02,3.848864138126373291e-02,3.816365823149681091e-02,3.316882625222206116e-02,5.268390476703643799e-02
5.625603720545768738e-02,3.051748499274253845e-02,8.321111202239990234e-01,6.188685074448585510e-02,6.686259061098098755e-02,3.888626769185066223e-02,3.444376960396766663e-02,8.146998286247253418e-02
6.363785266876220703e-02,4.607349634170532227e-02,7.030728459358215332e-01,4.835420474410057068e-02,4.221396148204803467e-02,2.277518808841705322e-02,2.361367456614971161e-02,4.723691195249557495e-02
3.025343269109725952e-02,6.463816016912460327e-02,1.318192183971405029e-01,8.879449963569641113e-01,6.434623152017593384e-02,3.245354816317558289e-02,2.920689433813095093e-02,8.346356451511383057e-02
7.792538404464721680e-02,3.084529004991054535e-02,8.863893747329711914e-01,8.914975076913833618e-02,9.239000082015991211e-02,3.101544082164764404e-02,3.912353888154029846e-02,6.026650592684745789e-02
8.539960533380508423e-02,3.798839449882507324e-02,8.648999333381652832e-01,6.626421958208084106e-02,5.307514965534210205e-02,3.694617003202438354e-02,3.461506962776184082e-02,5.675933137536048889e-02
4.643284901976585388e-02,4.066189751029014587e-02,8.001127839088439941e-01,1.022113859653472900e-01,1.104976311326026917e-01,2.367643825709819794e-02,3.685007244348526001e-02,1.028685942292213440e-01
7.230552285909652710e-02,2.353426627814769745e-02,8.454696536064147949e-01,1.144748628139495850e-01,9.640455991029739380e-02,3.131483122706413269e-02,3.588416799902915955e-02,5.923707038164138794e-02
1.045764014124870300e-01,3.108531981706619263e-02,3.917586505413055420e-01,5.464306101202964783e-02,8.559039831161499023e-01,3.484354168176651001e-02,5.395962297916412354e-02,7.410596311092376709e-02
5.627231672406196594e-02,3.902654722332954407e-02,8.402357697486877441e-01,7.608979195356369019e-02,1.011822968721389771e-01,3.262296691536903381e-02,3.602757304906845093e-02,1.077435910701751709e-01
3.046705722808837891e-01,2.393082901835441589e-02,1.742895543575286865e-01,3.302719071507453918e-02,8.935189992189407349e-02,6.158566474914550781e-01,4.287429526448249817e-02,6.464293599128723145e-02
3.403367102146148682e-02,5.562048032879829407e-02,7.233301997184753418e-01,8.356610685586929321e-02,1.015133559703826904e-01,3.086268901824951172e-02,3.056331165134906769e-02,1.281874328851699829e-01
1.207200735807418823e-01,3.678552806377410889e-02,8.216555714607238770e-01,5.908465757966041565e-02,1.477592885494232178e-01,2.161037363111972809e-02,4.261811450123786926e-02,6.361148506402969360e-02
3.702782839536666870e-02,4.732307419180870056e-02,8.038963079452514648e-01,1.449385583400726318e-01,7.388946413993835449e-02,2.695102244615554810e-02,3.457150980830192566e-02,1.166652068495750427e-01
7.448782771825790405e-02,3.799738362431526184e-02,8.249998688697814941e-01,6.809825450181961060e-02,3.972901403903961182e-02,3.153553232550621033e-02,3.082252852618694305e-02,4.129243642091751099e-02
2.242433875799179077e-01,5.987691134214401245e-02,2.426419258117675781e-01,6.115977168083190918e-01,6.923460215330123901e-02,1.640858128666877747e-02,3.256646543741226196e-02,2.450562454760074615e-02
5.913539230823516846e-02,8.936753869056701660e-02,7.551702857017517090e-02,6.024634242057800293e-01,6.358196586370468140e-02,2.188320271670818329e-02,2.402235567569732666e-02,2.371495962142944336e-02
3.559330478310585022e-02,5.940195918083190918e-02,7.407334446907043457e-01,1.723965406417846680e-01,2.034279406070709229e-01,2.533483132719993591e-02,4.429944604635238647e-02,3.102828264236450195e-01
2.105637639760971069e-02,7.260221987962722778e-02,1.095262765884399414e-01,6.870846152305603027e-01,8.521962910890579224e-02,5.518002063035964966e-02,3.685477748513221741e-02,4.733820855617523193e-01
6.214346364140510559e-02,6.199337914586067200e-02,1.316098570823669434e-01,7.962777614593505859e-01,5.884069576859474182e-02,2.737945318222045898e-02,2.489962428808212280e-02,2.916097268462181091e-02
3.573948889970779419e-02,2.851462736725807190e-02,5.019230842590332031e-01,1.469888389110565186e-01,7.422083616256713867e-02,2.704787999391555786e-02,1.978941820561885834e-02,9.055546671152114868e-02
3.512718528509140015e-02,4.827703163027763367e-02,2.359620928764343262e-01,8.677217364311218262e-01,6.874090433120727539e-02,2.621474117040634155e-02,2.814698033034801483e-02,8.735907077789306641e-02
3.461229056119918823e-02,3.933008015155792236e-02,2.233353108167648315e-01,8.317275047302246094e-01,9.723407775163650513e-02,2.449286729097366333e-02,2.691541425883769989e-02,7.565635442733764648e-02
3.472081571817398071e-02,6.021203845739364624e-02,1.554641276597976685e-01,8.939432501792907715e-01,6.603875011205673218e-02,2.931241504848003387e-02,2.995876036584377289e-02,7.893413305282592773e-02
6.046460568904876709e-02,8.371823281049728394e-02,1.022399589419364929e-01,9.240918159484863281e-01,5.932862311601638794e-02,4.622575640678405762e-02,3.850327059626579285e-02,5.949555709958076477e-02
3.099157102406024933e-02,1.605843752622604370e-01,7.015579193830490112e-02,8.662062287330627441e-01,7.334810495376586914e-02,2.249051630496978760e-02,2.915305085480213165e-02,6.527019292116165161e-02
4.386821389198303223e-02,1.060073375701904297e-01,7.674260437488555908e-02,9.026147127151489258e-01,7.541225105524063110e-02,3.475137054920196533e-02,3.665371611714363098e-02,6.904983520507812500e-02
2.375893481075763702e-02,1.377972066402435303e-01,8.382222801446914673e-02,6.884227991104125977e-01,7.834396511316299438e-02,2.098532207310199738e-02,2.786948159337043762e-02,1.015196144580841064e-01
3.650641143321990967e-01,4.140560701489448547e-02,2.658313512802124023e-01,5.531172156333923340e-01,8.668316900730133057e-02,2.649051137268543243e-02,3.982827812433242798e-02,2.517403289675712585e-02
4.441066458821296692e-02,6.801343709230422974e-02,1.308330595493316650e-01,8.587806224822998047e-01,6.063820049166679382e-02,2.768789790570735931e-02,2.991805784404277802e-02,4.190991818904876709e-02
4.075909405946731567e-02,1.837002635002136230e-01,8.428570628166198730e-02,9.038490653038024902e-01,7.764431834220886230e-02,2.065923623740673065e-02,3.338237851858139038e-02,6.277717649936676025e-02
3.397077694535255432e-02,1.530796885490417480e-01,2.042246013879776001e-01,7.679707556962966919e-02,4.939050972461700439e-02,2.355680987238883972e-02,1.292899623513221741e-02,2.698235772550106049e-02
2.408467419445514679e-02,2.287131696939468384e-01,8.579935878515243530e-02,8.313484191894531250e-01,5.707066506147384644e-02,1.954685524106025696e-02,2.979815192520618439e-02,8.976669609546661377e-02
3.117631003260612488e-02,4.443878307938575745e-02,2.557427585124969482e-01,8.166639804840087891e-01,1.176319569349288940e-01,2.469862625002861023e-02,2.934568189084529877e-02,1.003970652818679810e-01
2.091144770383834839e-02,1.929083317518234253e-01,9.137527644634246826e-02,8.175517916679382324e-01,5.361382663249969482e-02,2.364783734083175659e-02,2.567465044558048248e-02,8.193051069974899292e-02
5.013448372483253479e-02,1.113352626562118530e-01,7.693389803171157837e-02,9.109199643135070801e-01,5.739608779549598694e-02,3.705916181206703186e-02,3.377018123865127563e-02,6.049068272113800049e-02
3.608780726790428162e-02,7.389070838689804077e-02,1.576393097639083862e-01,9.087631106376647949e-01,6.658871471881866455e-02,2.789062447845935822e-02,3.075833059847354889e-02,7.463031262159347534e-02
3.487185016274452209e-02,4.184803739190101624e-02,2.617358565330505371e-01,8.503234386444091797e-01,6.969083845615386963e-02,2.251164428889751434e-02,2.641921490430831909e-02,7.817922532558441162e-02
8.738015592098236084e-02,1.081640422344207764e-01,2.344214916229248047e-01,8.423493057489395142e-02,5.981819704174995422e-02,1.845463179051876068e-02,1.592749916017055511e-02,1.219074521213769913e-02
3.297583386301994324e-02,3.766620904207229614e-02,4.099330604076385498e-01,4.687598645687103271e-01,3.148879483342170715e-02,2.535107359290122986e-02,2.096083015203475952e-02,3.144245594739913940e-02
2.897550538182258606e-02,9.613981097936630249e-02,1.554254144430160522e-01,8.671028614044189453e-01,5.002513900399208069e-02,1.974801160395145416e-02,2.552926354110240936e-02,6.056601181626319885e-02
1.797692477703094482e-02,1.148084402084350586e-01,1.433386057615280151e-01,8.078538179397583008e-01,8.359505236148834229e-02,2.265667915344238281e-02,3.164603561162948608e-02,1.965454518795013428e-01
4.371012747287750244e-02,7.589994370937347412e-02,1.530772596597671509e-01,9.241573810577392578e-01,5.193952843546867371e-02,3.261096030473709106e-02,3.296597674489021301e-02,6.910549849271774292e-02
1.192672848701477051e-01,3.585629165172576904e-02,1.527951657772064209e-01,4.354478791356086731e-02,9.212007522583007812e-01,5.409393087029457092e-02,6.002682819962501526e-02,5.006057024002075195e-02
1.350632756948471069e-01,2.083161845803260803e-02,3.346461951732635498e-01,4.484740272164344788e-02,8.468009829521179199e-01,4.415831714868545532e-02,5.296524241566658020e-02,5.309413373470306396e-02
5.888837203383445740e-02,2.470219135284423828e-02,5.848493576049804688e-01,5.878900736570358276e-02,3.846391141414642334e-01,2.015902474522590637e-02,2.736475318670272827e-02,4.131384566426277161e-02
7.010883837938308716e-02,3.413191437721252441e-02,2.260652780532836914e-01,5.863580480217933655e-02,8.846831321716308594e-01,3.632406145334243774e-02,4.721425101161003113e-02,5.510285496711730957e-02
7.751724123954772949e-02,3.499085083603858948e-02,2.090396732091903687e-01,5.143244564533233643e-02,9.027871489524841309e-01,4.839567840099334717e-02,5.313432216644287109e-02,5.800165235996246338e-02
2.775809466838836670e-01,2.367609739303588867e-02,2.389900237321853638e-01,4.517807811498641968e-02,7.661796212196350098e-01,4.146632552146911621e-02,4.506366699934005737e-02,2.372096106410026550e-02
8.352424949407577515e-02,3.513907268643379211e-02,2.042983472347259521e-01,4.552999511361122131e-02,8.914111852645874023e-01,4.148288443684577942e-02,5.071988329291343689e-02,4.622242227196693420e-02
5.670563578605651855e-01,1.266238559037446976e-02,3.589901328086853027e-01,3.084841184318065643e-02,2.039341926574707031e-01,3.610284924507141113e-01,5.315969884395599365e-02,4.182857647538185120e-02
4.366696476936340332e-01,9.738867729902267456e-02,1.613634228706359863e-01,3.672405704855918884e-02,3.884051442146301270e-01,2.702619880437850952e-02,3.639322519302368164e-02,1.208966784179210663e-02
1.835485249757766724e-01,2.272543758153915405e-01,5.511522665619850159e-02,4.219017550349235535e-02,6.817892789840698242e-01,2.391489036381244659e-02,3.254679962992668152e-02,1.422620937228202820e-02
2.890749573707580566e-01,3.465728834271430969e-02,1.813403815031051636e-01,2.098172903060913086e-02,1.585225760936737061e-01,4.792385101318359375e-01,3.127390146255493164e-02,2.903300151228904724e-02
4.555375501513481140e-02,6.934844702482223511e-02,2.098944038152694702e-01,7.082332670688629150e-02,6.109688282012939453e-01,2.043090015649795532e-02,2.908357977867126465e-02,1.262636929750442505e-01
5.534153059124946594e-02,1.610997915267944336e-01,2.166588604450225830e-01,3.776320815086364746e-02,5.942187309265136719e-01,2.043194696307182312e-02,3.134676441550254822e-02,1.461769789457321167e-01
7.424423098564147949e-02,5.840544030070304871e-02,2.606672644615173340e-01,5.181131139397621155e-02,8.687238693237304688e-01,3.283542394638061523e-02,4.771089926362037659e-02,6.560202687978744507e-02
6.041118502616882324e-02,4.509667307138442993e-02,3.266770243644714355e-01,6.400388479232788086e-02,8.337793946266174316e-01,3.209023550152778625e-02,4.891586676239967346e-02,1.308123320341110229e-01
2.670520357787609100e-02,8.918492197990417480e-01,1.320042759180068970e-01,6.411433964967727661e-02,1.020026952028274536e-01,2.180397137999534607e-02,2.842772938311100006e-02,5.702072381973266602e-02
1.200919598340988159e-01,3.638727217912673950e-02,1.788808703422546387e-01,1.308181434869766235e-01,6.010847687721252441e-01,2.459291927516460419e-02,2.872738800942897797e-02,5.502653494477272034e-02
5.888872966170310974e-02,6.300056725740432739e-02,1.239257305860519409e-01,1.431657671928405762e-01,7.095552086830139160e-01,3.301691263914108276e-02,3.812377527356147766e-02,1.496432423591613770e-01
6.293206661939620972e-02,4.588879644870758057e-02,2.962516844272613525e-01,7.845133543014526367e-02,8.274160027503967285e-01,2.429979853332042694e-02,4.461888596415519714e-02,1.005978286266326904e-01
8.074197173118591309e-02,3.499974682927131653e-02,3.665618300437927246e-01,1.251935809850692749e-01,8.353441953659057617e-01,4.481726512312889099e-02,6.161464378237724304e-02,1.398902833461761475e-01
8.771728277206420898e-01,4.874555766582489014e-02,3.181305229663848877e-01,7.043331861495971680e-02,1.791114211082458496e-01,1.659808009862899780e-01,8.425933122634887695e-02,3.637081384658813477e-02
4.579134583473205566e-01,2.126143313944339752e-02,2.325639128684997559e-01,3.233620524406433105e-02,9.743136167526245117e-02,7.107641100883483887e-01,5.548153445124626160e-02,6.575200706720352173e-02
2.862370014190673828e-01,2.671256847679615021e-02,3.938872516155242920e-01,3.633070364594459534e-02,3.845870494842529297e-02,3.514413237571716309e-01,3.240711987018585205e-02,5.628401786088943481e-02
1.414308398962020874e-01,1.914901845157146454e-02,2.883726954460144043e-01,4.708926007151603699e-02,9.511418640613555908e-02,5.484547615051269531e-01,3.492910042405128479e-02,5.866742879152297974e-02
3.951821923255920410e-01,2.882104739546775818e-02,4.686303436756134033e-01,3.977875411510467529e-02,3.268769010901451111e-02,2.482912093400955200e-01,3.401135280728340149e-02,3.296754136681556702e-02
2.145665436983108521e-01,2.458736114203929901e-02,6.111385226249694824e-01,3.750672563910484314e-02,2.136359363794326782e-01,2.212831750512123108e-02,3.594747930765151978e-02,3.186140954494476318e-02
5.270429253578186035e-01,4.423855990171432495e-02,1.746370941400527954e-01,3.067710623145103455e-02,6.659071147441864014e-02,5.453279614448547363e-01,5.091773346066474915e-02,4.406675323843955994e-02
6.446797847747802734e-01,1.600378379225730896e-02,2.996120750904083252e-01,2.291215583682060242e-02,3.248324990272521973e-01,4.115085303783416748e-01,6.400997191667556763e-02,4.454331099987030029e-02
3.698506951332092285e-01,1.821719482541084290e-02,1.891741901636123657e-01,3.967349603772163391e-02,1.500256061553955078e-01,6.902809739112854004e-01,5.095710605382919312e-02,5.769041925668716431e-02
9.904205054044723511e-02,2.532681822776794434e-02,2.809748947620391846e-01,4.456802457571029663e-02,1.421075910329818726e-01,4.420738518238067627e-01,4.341482743620872498e-02,2.543742060661315918e-01
1.675721555948257446e-01,3.435237705707550049e-02,1.387636661529541016e-01,8.568434417247772217e-02,1.075364053249359131e-01,8.467903733253479004e-01,6.676971912384033203e-02,1.070410534739494324e-01
1.960572600364685059e-01,2.346794679760932922e-02,1.846112906932830811e-01,6.924058496952056885e-02,1.210774779319763184e-01,8.020133972167968750e-01,5.841631442308425903e-02,8.961078524589538574e-02
2.341048568487167358e-01,1.951504126191139221e-02,1.346781551837921143e-01,4.440338909626007080e-02,3.798719048500061035e-01,7.884647846221923828e-01,7.552813738584518433e-02,8.569296449422836304e-02
1.487787961959838867e-01,3.530624136328697205e-02,1.268393099308013916e-01,7.447298616170883179e-02,8.613993227481842041e-02,7.587844729423522949e-01,4.701308906078338623e-02,7.501085847616195679e-02
4.390835016965866089e-02,3.628106787800788879e-02,8.462784290313720703e-01,9.525741636753082275e-02,8.391452580690383911e-02,3.127721697092056274e-02,3.251664340496063232e-02,9.716814756393432617e-02
3.292875587940216064e-01,1.724984124302864075e-02,3.395919203758239746e-01,5.629659444093704224e-02,7.368793338537216187e-02,6.615746617317199707e-01,4.915380477905273438e-02,6.845369189977645874e-02
1.666538566350936890e-01,5.226789414882659912e-02,1.294102370738983154e-01,5.905282497406005859e-02,4.775852710008621216e-02,6.859461665153503418e-01,3.766182065010070801e-02,5.495904386043548584e-02
5.627419352531433105e-01,1.949381269514560699e-02,2.791363000869750977e-01,9.846354275941848755e-02,6.512400507926940918e-02,2.483300268650054932e-01,3.400173410773277283e-02,3.136403486132621765e-02
1.685084402561187744e-01,8.421556651592254639e-02,5.244307965040206909e-02,8.296611905097961426e-02,8.204045891761779785e-02,7.172585725784301758e-01,4.447086900472640991e-02,5.059724673628807068e-02
1.044741570949554443e-01,5.033506825566291809e-02,1.159742400050163269e-01,1.082764193415641785e-01,9.253732860088348389e-02,8.081986308097839355e-01,6.174483522772789001e-02,1.391124874353408813e-01
1.393700987100601196e-01,5.098742246627807617e-02,1.088655292987823486e-01,1.002847850322723389e-01,8.733137696981430054e-02,8.401307463645935059e-01,6.528948992490768433e-02,1.201671585440635681e-01
3.085078299045562744e-01,3.519462421536445618e-02,8.024965226650238037e-02,7.397001981735229492e-02,1.178656145930290222e-01,8.078968524932861328e-01,6.095861643552780151e-02,6.770145148038864136e-02
5.724612474441528320e-01,1.858608610928058624e-02,5.758979320526123047e-01,4.815422371029853821e-02,1.972475796937942505e-01,6.111893430352210999e-02,5.168299749493598938e-02,3.349463269114494324e-02
4.628417640924453735e-02,3.187297284603118896e-02,6.215816140174865723e-01,9.450455009937286377e-02,3.108261227607727051e-01,1.969548128545284271e-02,3.213153779506683350e-02,8.534247428178787231e-02
8.714500069618225098e-01,6.532700359821319580e-02,3.119894862174987793e-01,7.244700938463211060e-02,2.058072537183761597e-01,1.269273906946182251e-01,8.999082446098327637e-02,4.011170193552970886e-02
1.807524859905242920e-01,1.583046838641166687e-02,2.354513704776763916e-01,7.920743525028228760e-02,8.679871559143066406e-01,5.860742926597595215e-02,6.077161058783531189e-02,4.019086435437202454e-02
7.696102261543273926e-01,3.129165992140769958e-02,4.950763285160064697e-01,8.458206057548522949e-02,1.028331145644187927e-01,7.335066795349121094e-02,5.519917607307434082e-02,2.930537238717079163e-02
2.068555057048797607e-01,1.985803619027137756e-02,3.044047057628631592e-01,2.429771423339843750e-02,1.378420293331146240e-01,4.749608933925628662e-01,3.650643303990364075e-02,6.163230165839195251e-02
3.393660858273506165e-02,2.616481482982635498e-02,5.522497296333312988e-01,1.569576412439346313e-01,8.394493907690048218e-02,2.559090778231620789e-02,2.323055639863014221e-02,7.804359495639801025e-02
2.974301576614379883e-01,2.024373970925807953e-02,1.579703539609909058e-01,8.293075114488601685e-02,6.382334977388381958e-02,4.156115055084228516e-01,3.077477961778640747e-02,3.490680456161499023e-02
9.681362658739089966e-02,2.117874659597873688e-02,8.722337484359741211e-01,1.993708610534667969e-01,5.696167424321174622e-02,3.363311290740966797e-02,4.069798812270164490e-02,5.964836478233337402e-02
3.292342275381088257e-02,1.535659581422805786e-01,2.540597915649414062e-01,4.282931238412857056e-02,1.291085332632064819e-01,1.078576873987913132e-02,1.836117170751094818e-02,2.389921806752681732e-02
2.079997360706329346e-01,4.322880879044532776e-02,3.931341767311096191e-01,3.333898261189460754e-02,2.538555264472961426e-01,1.787981949746608734e-02,3.409985452890396118e-02,3.964050114154815674e-02
7.930813431739807129e-01,4.819090664386749268e-02,4.350771307945251465e-01,7.229036092758178711e-02,1.599485874176025391e-01,6.234317272901535034e-02,5.963917821645736694e-02,2.643276937305927277e-02
5.730006843805313110e-02,2.123837620019912720e-01,5.458822101354598999e-02,3.171667158603668213e-01,4.397816359996795654e-01,1.341025065630674362e-02,3.348131477832794189e-02,3.623761236667633057e-02
6.773450225591659546e-02,2.003906853497028351e-02,5.117843747138977051e-01,1.097609996795654297e-01,1.542756408452987671e-01,2.450288273394107819e-02,2.869117446243762970e-02,1.502425074577331543e-01
3.290989398956298828e-01,2.116937339305877686e-01,4.930006340146064758e-02,3.726275637745857239e-02,7.209420800209045410e-01,4.428583011031150818e-02,4.595914110541343689e-02,1.221045013517141342e-02
1.159216761589050293e-01,4.557170346379280090e-02,1.172481998801231384e-01,4.962969571352005005e-02,8.798257708549499512e-01,3.067394345998764038e-02,4.533487930893898010e-02,4.267773404717445374e-02
2.684379518032073975e-01,7.104203104972839355e-02,3.754806816577911377e-01,3.920120373368263245e-02,1.383048892021179199e-01,1.535009033977985382e-02,3.178557008504867554e-02,1.499617658555507660e-02
1.075077727437019348e-01,2.715729363262653351e-02,6.048815846443176270e-01,4.387736320495605469e-02,1.087348684668540955e-01,1.772584207355976105e-02,2.833364531397819519e-02,2.519255690276622772e-02
1.019906401634216309e-01,3.792544454336166382e-02,5.973284840583801270e-01,4.086116701364517212e-02,2.204775512218475342e-01,2.440141141414642334e-02,3.073729760944843292e-02,7.892848551273345947e-02
4.779835790395736694e-02,7.818435877561569214e-02,3.379614651203155518e-01,7.773336023092269897e-02,1.695575267076492310e-01,4.288722947239875793e-02,4.249345883727073669e-02,6.833754777908325195e-01
3.705002740025520325e-02,9.329172223806381226e-02,2.384995371103286743e-01,7.676745206117630005e-02,1.402322053909301758e-01,5.402711778879165649e-02,4.386656358838081360e-02,7.553417086601257324e-01
2.996777370572090149e-02,8.255548030138015747e-02,2.548840343952178955e-01,9.792633354663848877e-02,1.009068861603736877e-01,3.833019733428955078e-02,3.217215090990066528e-02,6.225731372833251953e-01
2.285662665963172913e-02,2.896710932254791260e-01,1.567788273096084595e-01,7.455606758594512939e-02,1.050144806504249573e-01,3.227000311017036438e-02,3.355110064148902893e-02,5.669580698013305664e-01
1.752794906497001648e-02,3.597904443740844727e-01,1.481335163116455078e-01,1.039414182305335999e-01,1.477405428886413574e-01,3.365322947502136230e-02,2.661264687776565552e-02,6.663819402456283569e-02
3.515646606683731079e-02,6.218894571065902710e-02,3.319307565689086914e-01,1.323353499174118042e-01,1.226295679807662964e-01,5.232832580804824829e-02,4.479486867785453796e-02,7.673205733299255371e-01
3.687489405274391174e-02,5.894981697201728821e-02,3.445033431053161621e-01,1.045682802796363831e-01,1.041133180260658264e-01,6.013080477714538574e-02,4.818458482623100281e-02,7.721421718597412109e-01
4.628007113933563232e-02,7.286100089550018311e-02,2.999377846717834473e-01,9.487175941467285156e-02,1.247683018445968628e-01,7.333546876907348633e-02,5.774864554405212402e-02,8.242069482803344727e-01
3.075671754777431488e-02,1.982545554637908936e-01,1.536884456872940063e-01,7.281637936830520630e-02,1.116616353392601013e-01,3.904880210757255554e-02,3.479740396142005920e-02,6.126878261566162109e-01
4.275699332356452942e-02,6.040440499782562256e-02,3.574447035789489746e-01,1.354194581508636475e-01,1.380193233489990234e-01,6.966265290975570679e-02,5.397741124033927917e-02,8.193979859352111816e-01
4.378689080476760864e-02,6.321160495281219482e-02,2.675031125545501709e-01,1.232351511716842651e-01,1.572355329990386963e-01,6.868994981050491333e-02,5.075045302510261536e-02,8.177539706230163574e-01
3.673956170678138733e-02,9.571869671344757080e-02,2.289127409458160400e-01,1.143623441457748413e-01,1.281514465808868408e-01,6.028039380908012390e-02,4.707314819097518921e-02,8.014244437217712402e-01
3.493707999587059021e-02,9.027875959873199463e-02,2.490155845880508423e-01,1.211372017860412598e-01,1.412179023027420044e-01,5.677202343940734863e-02,4.887459054589271545e-02,8.034186363220214844e-01
3.565289452672004700e-02,6.824140995740890503e-02,2.950180172920227051e-01,1.428814232349395752e-01,1.040053367614746094e-01,6.965256482362747192e-02,5.258220434188842773e-02,8.221772909164428711e-01
4.253309592604637146e-02,6.991805136203765869e-02,3.088126480579376221e-01,1.363347619771957397e-01,1.133543998003005981e-01,7.960498332977294922e-02,5.644751340150833130e-02,8.382793068885803223e-01
3.212943300604820251e-02,5.195410177111625671e-02,7.863385081291198730e-01,1.345127671957015991e-01,5.115713179111480713e-02,2.869160473346710205e-02,2.666070312261581421e-02,1.017933636903762817e-01
3.947640955448150635e-02,7.259884476661682129e-02,3.053932189941406250e-01,1.181622967123985291e-01,1.364454627037048340e-01,6.300490349531173706e-02,5.226876959204673767e-02,8.223084807395935059e-01
6.595218181610107422e-01,3.391891717910766602e-02,5.131933093070983887e-01,8.696785569190979004e-02,1.474257260560989380e-01,3.764370456337928772e-02,5.383367463946342468e-02,3.621017187833786011e-02
4.331336915493011475e-02,6.908177584409713745e-02,2.945893406867980957e-01,1.155920326709747314e-01,1.799479424953460693e-01,6.771656125783920288e-02,5.182972550392150879e-02,8.104608058929443359e-01
4.195083305239677429e-02,9.392305612564086914e-01,9.660930186510086060e-02,6.076316535472869873e-02,8.029773831367492676e-02,3.191436454653739929e-02,3.524106740951538086e-02,4.443804174661636353e-02
4.752882197499275208e-02,4.257044196128845215e-02,6.421200633049011230e-01,5.594765394926071167e-02,6.889031827449798584e-02,4.503361508250236511e-02,2.716812305152416229e-02,2.024406641721725464e-01
2.862841486930847168e-01,2.110927365720272064e-02,5.468069314956665039e-01,4.260910674929618835e-02,1.107045933604240417e-01,1.561756879091262817e-01,3.665798902511596680e-02,4.725218936800956726e-02
6.449239701032638550e-02,2.578721344470977783e-01,5.373687148094177246e-01,5.179928243160247803e-02,5.579751357436180115e-02,1.523323543369770050e-02,2.259349077939987183e-02,2.752944082021713257e-02
5.471348762512207031e-02,1.557720452547073364e-01,4.829476773738861084e-01,8.359704911708831787e-02,4.328405112028121948e-02,1.044781692326068878e-02,1.781180500984191895e-02,1.389517728239297867e-02
5.434635281562805176e-02,3.130775317549705505e-02,7.945322394371032715e-01,8.208860456943511963e-02,1.120876297354698181e-01,3.513364121317863464e-02,3.363051638007164001e-02,9.785102307796478271e-02
6.726949661970138550e-02,3.888287022709846497e-02,8.765087723731994629e-01,1.031434014439582825e-01,6.835061311721801758e-02,3.167889639735221863e-02,3.886902704834938049e-02,7.287341356277465820e-02
1.281658411026000977e-01,1.579860597848892212e-01,6.869148463010787964e-02,4.341930150985717773e-02,8.731157779693603516e-01,3.522408008575439453e-02,5.416702479124069214e-02,2.314963564276695251e-02
2.764048241078853607e-02,1.093399003148078918e-01,1.389290690422058105e-01,8.808360695838928223e-01,8.128289133310317993e-02,2.111095748841762543e-02,2.742185816168785095e-02,7.550442963838577271e-02
1.026712357997894287e-01,1.610654890537261963e-01,6.747889518737792969e-02,1.035922095179557800e-01,5.939373746514320374e-02,8.103462457656860352e-01,5.666162073612213135e-02,7.556506991386413574e-02
2.454531192779541016e-02,4.444972798228263855e-02,5.684993267059326172e-01,1.631755679845809937e-01,6.183905899524688721e-02,4.614138230681419373e-02,2.894237823784351349e-02,1.126274764537811279e-01
1.059444919228553772e-01,3.257320448756217957e-02,1.890124231576919556e-01,4.787522554397583008e-02,9.146678447723388672e-01,5.927485600113868713e-02,6.064940243959426880e-02,4.947982728481292725e-02
5.402592942118644714e-02,5.998807772994041443e-02,2.755255699157714844e-01,8.763886094093322754e-01,8.809491991996765137e-02,1.885460503399372101e-02,3.037717193365097046e-02,4.838235303759574890e-02
5.653652921319007874e-02,3.705660700798034668e-01,1.180991977453231812e-01,4.143508523702621460e-02,3.933057487010955811e-01,1.359529141336679459e-02,3.329358622431755066e-02,5.651580914855003357e-02
2.664651572704315186e-01,4.013571143150329590e-02,5.281379818916320801e-01,5.753256753087043762e-02,3.090009391307830811e-01,1.557307317852973938e-02,3.765847533941268921e-02,3.165434673428535461e-02
8.209527283906936646e-02,2.850344590842723846e-02,1.648398935794830322e-01,8.081492036581039429e-02,9.043608307838439941e-01,4.896352812647819519e-02,5.551566556096076965e-02,5.343226343393325806e-02
2.235724963247776031e-02,8.107604086399078369e-02,1.211392208933830261e-01,8.531870841979980469e-01,6.573069840669631958e-02,2.729284204542636871e-02,2.716654911637306213e-02,1.243336722254753113e-01
5.975030362606048584e-02,6.246969103813171387e-02,2.487512379884719849e-01,8.642204105854034424e-02,8.630725145339965820e-01,2.743735350668430328e-02,4.873119667172431946e-02,1.335408985614776611e-01
3.635818883776664734e-02,7.861372828483581543e-02,1.911097466945648193e-01,8.759701251983642578e-01,6.495087593793869019e-02,2.072220668196678162e-02,2.553198114037513733e-02,6.213383004069328308e-02
4.947036504745483398e-02,9.490237832069396973e-01,5.375909432768821716e-02,4.493124410510063171e-02,1.404495388269424438e-01,3.385618329048156738e-02,3.975399583578109741e-02,3.802258521318435669e-02
1.585401147603988647e-01,2.292181365191936493e-02,2.920221090316772461e-01,3.705480694770812988e-02,8.450989723205566406e-01,4.865405336022377014e-02,5.494695901870727539e-02,3.347511962056159973e-02
4.242818430066108704e-02,4.873782768845558167e-02,7.239125370979309082e-01,8.043105900287628174e-02,4.981525242328643799e-02,2.011609636247158051e-02,2.083722688257694244e-02,4.185486212372779846e-02
4.127301648259162903e-02,4.883288592100143433e-02,1.956840455532073975e-01,9.040400981903076172e-01,6.858465820550918579e-02,3.247646242380142212e-02,3.229709342122077942e-02,7.503839582204818726e-02
7.327558398246765137e-01,3.605193644762039185e-02,4.680086672306060791e-01,7.716619223356246948e-02,1.745897978544235229e-01,4.136065393686294556e-02,5.943212658166885376e-02,3.103235363960266113e-02
2.742993645370006561e-02,4.470792114734649658e-01,4.968005418777465820e-02,7.679003477096557617e-01,3.793836385011672974e-02,2.541440352797508240e-02,2.473233267664909363e-02,4.973790422081947327e-02
3.222735971212387085e-02,3.026825189590454102e-02,4.032468497753143311e-01,4.578783512115478516e-01,3.818837553262710571e-02,4.161092266440391541e-02,2.552772127091884613e-02,6.125465035438537598e-02
4.208612814545631409e-02,9.534640312194824219e-01,9.161844849586486816e-02,6.603939831256866455e-02,5.375341698527336121e-02,3.762140125036239624e-02,3.426678851246833801e-02,2.854150533676147461e-02
8.832389116287231445e-02,6.491757631301879883e-01,2.659865915775299072e-01,2.762524969875812531e-02,9.641946852207183838e-02,2.141459658741950989e-02,3.069223091006278992e-02,1.016222126781940460e-02
6.332800537347793579e-02,1.547931283712387085e-01,4.283847510814666748e-01,1.041409447789192200e-01,1.190125495195388794e-01,6.698670331388711929e-03,2.233847230672836304e-02,2.292485721409320831e-02
4.389115050435066223e-02,2.847006544470787048e-02,6.816349029541015625e-01,6.473537534475326538e-02,1.317550987005233765e-01,2.431625314056873322e-02,2.577899955213069916e-02,8.582887053489685059e-02
6.006402373313903809e-01,2.666205912828445435e-02,2.760772705078125000e-01,1.050590425729751587e-01,5.983159542083740234e-01,3.914444148540496826e-02,6.341681629419326782e-02,3.110683336853981018e-02
2.924735285341739655e-02,8.082570135593414307e-02,2.782234847545623779e-01,6.885961890220642090e-01,5.369852855801582336e-02,1.323254965245723724e-02,2.029762417078018188e-02,3.310982137918472290e-02
2.457924373447895050e-02,8.135856389999389648e-01,6.790712475776672363e-02,2.561406493186950684e-01,4.401835054159164429e-02,1.881975494325160980e-02,2.753318659961223602e-02,3.934397548437118530e-02
3.701367974281311035e-02,1.029782146215438843e-01,6.477935314178466797e-01,1.256637573242187500e-01,3.381686285138130188e-02,1.924116909503936768e-02,2.117928862571716309e-02,3.243546932935714722e-02
1.033556237816810608e-01,2.491342276334762573e-02,8.493216633796691895e-01,4.255957901477813721e-02,1.829305291175842285e-01,4.709308594465255737e-02,4.638870060443878174e-02,8.003223687410354614e-02
3.846725821495056152e-02,7.566052675247192383e-01,1.153819561004638672e-01,5.338133126497268677e-02,6.359613686800003052e-02,1.590324938297271729e-02,2.007994055747985840e-02,2.443549409508705139e-02
2.010258138179779053e-01,3.217292204499244690e-02,6.309848427772521973e-01,2.154326252639293671e-02,8.646671473979949951e-02,4.126647859811782837e-02,2.978069148957729340e-02,1.813152246177196503e-02
4.118181020021438599e-02,3.332607075572013855e-02,2.997929751873016357e-01,7.065849304199218750e-01,4.414972290396690369e-02,2.205093018710613251e-02,2.093374170362949371e-02,4.704089090228080750e-02
6.926918029785156250e-02,2.987274155020713806e-02,8.309317827224731445e-01,5.654068291187286377e-02,1.373314708471298218e-01,3.244416043162345886e-02,4.012277722358703613e-02,7.728502154350280762e-02
4.776611924171447754e-02,6.475717574357986450e-02,4.397895932197570801e-01,9.000018239021301270e-02,1.225952580571174622e-01,6.965252757072448730e-02,5.573298037052154541e-02,7.859036326408386230e-01
2.388484403491020203e-02,2.030654549598693848e-01,1.069507524371147156e-01,8.280053734779357910e-01,4.953358694911003113e-02,1.651820354163646698e-02,2.302885800600051880e-02,7.741615176200866699e-02
5.978253111243247986e-02,1.423781514167785645e-01,6.067460030317306519e-02,6.676792353391647339e-02,3.255676627159118652e-01,1.990457437932491302e-02,2.397077344357967377e-02,4.098121076822280884e-02
9.863482415676116943e-02,3.990856558084487915e-02,5.291927456855773926e-01,4.195147380232810974e-02,2.100096195936203003e-01,2.449440956115722656e-02,2.831842564046382904e-02,8.198954910039901733e-02
3.070253320038318634e-02,9.067720174789428711e-01,7.590387016534805298e-02,1.720934063196182251e-01,8.163132518529891968e-02,2.246690727770328522e-02,3.476097434759140015e-02,4.079623892903327942e-02
7.925801724195480347e-02,3.346361219882965088e-02,8.940638899803161621e-01,8.420386910438537598e-02,8.510888367891311646e-02,3.360899165272712708e-02,4.040153324604034424e-02,7.185082137584686279e-02
2.767438627779483795e-02,6.859391927719116211e-01,8.974693715572357178e-02,4.042806327342987061e-01,6.715238839387893677e-02,1.007001195102930069e-02,2.169048599898815155e-02,3.715440258383750916e-02
5.785230919718742371e-02,3.517562150955200195e-02,8.677358627319335938e-01,9.417383372783660889e-02,9.793389588594436646e-02,3.183385357260704041e-02,4.104875773191452026e-02,1.071715727448463440e-01
1.774965375661849976e-01,1.747750490903854370e-02,5.825505852699279785e-01,8.017909526824951172e-02,1.313680857419967651e-01,2.435184270143508911e-02,2.726287767291069031e-02,4.809778556227684021e-02
6.030944734811782837e-02,3.624358400702476501e-02,7.762886285781860352e-01,7.283101975917816162e-02,8.266258984804153442e-02,2.160488255321979523e-02,2.802235446870326996e-02,5.360789969563484192e-02
1.976143382489681244e-02,8.627389073371887207e-01,1.199346557259559631e-01,1.119973510503768921e-01,3.707188740372657776e-02,2.657152712345123291e-02,2.321169897913932800e-02,4.062764719128608704e-02
6.241091340780258179e-02,5.228093266487121582e-02,1.301538497209548950e-01,5.920475348830223083e-02,8.986793160438537598e-01,3.808125481009483337e-02,4.768627882003784180e-02,5.213148891925811768e-02
3.072830103337764740e-02,1.656125485897064209e-01,2.644132971763610840e-01,6.643615663051605225e-02,9.122771769762039185e-02,3.780962899327278137e-02,3.293753787875175476e-02,6.159503459930419922e-01
8.133885264396667480e-02,6.780987977981567383e-02,7.978729605674743652e-01,4.786092415452003479e-02,5.822440981864929199e-02,2.745240181684494019e-02,2.713072299957275391e-02,6.038404628634452820e-02
2.180212736129760742e-02,7.907337546348571777e-01,7.191565632820129395e-02,3.696605563163757324e-01,4.344079643487930298e-02,2.493928000330924988e-02,3.263677284121513367e-02,3.112895973026752472e-02
6.109600886702537537e-02,2.676124684512615204e-02,8.091970086097717285e-01,7.310447096824645996e-02,1.062506660819053650e-01,2.489309199154376984e-02,3.255628049373626709e-02,7.647062838077545166e-02
3.258568048477172852e-02,1.428415030241012573e-01,7.662013173103332520e-02,8.978967070579528809e-01,6.336880475282669067e-02,3.080309741199016571e-02,3.154600039124488831e-02,7.871142774820327759e-02
6.277551501989364624e-02,4.204728826880455017e-02,8.167641162872314453e-01,6.588220596313476562e-02,7.378957420587539673e-02,5.034007132053375244e-02,3.646850585937500000e-02,8.457127958536148071e-02
2.443096935749053955e-01,1.500199139118194580e-01,7.915280014276504517e-02,5.549030005931854248e-02,5.416188389062881470e-02,5.518567562103271484e-01,3.720338270068168640e-02,1.611498184502124786e-02
1.990799307823181152e-01,2.722060680389404297e-02,1.603927612304687500e-01,8.092185109853744507e-02,1.059155017137527466e-01,8.311792612075805664e-01,6.407158821821212769e-02,9.997371584177017212e-02
6.219219043850898743e-02,6.685886532068252563e-02,7.708560824394226074e-01,1.223969310522079468e-01,1.116605550050735474e-01,1.780267991125583649e-02,3.543974086642265320e-02,5.662941560149192810e-02
8.079905062913894653e-02,2.294653281569480896e-02,4.578551650047302246e-01,1.169865429401397705e-01,7.739834785461425781e-01,4.141339659690856934e-02,5.448820441961288452e-02,1.146503537893295288e-01
2.627855911850929260e-02,3.475625216960906982e-01,2.567117214202880859e-01,5.052566528320312500e-02,9.521628171205520630e-02,2.420867048203945160e-02,2.696939744055271149e-02,3.147920072078704834e-01
3.577040508389472961e-02,6.575294584035873413e-02,1.528961658477783203e-01,9.013943076133728027e-01,6.863632053136825562e-02,2.928337454795837402e-02,2.950658276677131653e-02,7.028657197952270508e-02
3.288744017481803894e-02,8.207746744155883789e-01,1.030243858695030212e-01,5.459356680512428284e-02,6.662601232528686523e-02,3.980116546154022217e-02,3.037694282829761505e-02,2.554974704980850220e-02
3.690671175718307495e-02,1.058191806077957153e-01,2.278761267662048340e-01,1.263514757156372070e-01,1.199667006731033325e-01,7.512145489454269409e-02,5.992792919278144836e-02,8.466480970382690430e-01
1.350453048944473267e-01,2.703730948269367218e-02,2.235486656427383423e-01,5.494311079382896423e-02,9.027009606361389160e-01,5.470014736056327820e-02,6.077612191438674927e-02,5.039345845580101013e-02
3.580688685178756714e-02,1.775128245353698730e-01,3.143821656703948975e-01,7.553485780954360962e-02,2.057288140058517456e-01,2.232202887535095215e-02,3.111409209668636322e-02,2.024414837360382080e-01
9.728806465864181519e-02,3.570364415645599365e-02,1.635124385356903076e-01,4.362186789512634277e-02,9.069518446922302246e-01,5.060087516903877258e-02,5.375583842396736145e-02,4.394143074750900269e-02
1.253667771816253662e-01,3.507121279835700989e-02,1.942691802978515625e-01,4.455778002738952637e-02,9.133365750312805176e-01,5.046579986810684204e-02,5.726590752601623535e-02,5.846564099192619324e-02
1.484098732471466064e-01,7.741399109363555908e-02,6.083952784538269043e-01,4.063246399164199829e-02,4.384573549032211304e-02,2.986232750117778778e-02,2.590626291930675507e-02,1.108921039849519730e-02
4.354745522141456604e-02,4.053496941924095154e-02,7.968474030494689941e-01,7.428371161222457886e-02,1.196867004036903381e-01,2.245403826236724854e-02,3.101599961519241333e-02,8.317408710718154907e-02
3.656796365976333618e-02,2.964092604815959930e-02,3.407939970493316650e-01,8.134909272193908691e-01,9.606485813856124878e-02,2.533493749797344208e-02,3.084219060838222504e-02,7.731480896472930908e-02
6.199124827980995178e-02,5.683463066816329956e-02,7.442057728767395020e-01,6.814473122358322144e-02,8.709549903869628906e-02,2.018766291439533234e-02,2.758205309510231018e-02,4.495233669877052307e-02
1.970715373754501343e-01,2.593231014907360077e-02,6.075661778450012207e-01,8.599359542131423950e-02,9.778089076280593872e-02,3.086541779339313507e-02,2.990617975592613220e-02,2.635435387492179871e-02
4.842104017734527588e-02,2.427228540182113647e-02,3.707370460033416748e-01,6.372629404067993164e-01,3.676667511463165283e-01,2.436527609825134277e-02,3.540523350238800049e-02,5.479561910033226013e-02
1.267196387052536011e-01,9.782048314809799194e-02,8.467417955398559570e-02,6.783095747232437134e-02,5.331322550773620605e-02,7.819654345512390137e-01,4.867343604564666748e-02,6.029033288359642029e-02
2.678406238555908203e-01,6.081020832061767578e-01,1.065943539142608643e-01,4.349247738718986511e-02,6.236054003238677979e-02,2.451369166374206543e-02,3.067921288311481476e-02,1.162836700677871704e-02
5.575637519359588623e-02,1.487047225236892700e-01,8.327932655811309814e-02,3.679141029715538025e-02,8.667824864387512207e-01,2.747386321425437927e-02,3.912657871842384338e-02,5.983873829245567322e-02
3.246799111366271973e-02,8.490691781044006348e-01,7.184480875730514526e-02,3.607104122638702393e-01,5.270393937826156616e-02,1.612696237862110138e-02,3.295126184821128845e-02,3.291990980505943298e-02
6.745802611112594604e-02,8.145405352115631104e-02,3.129948079586029053e-01,5.256842821836471558e-02,2.411882430315017700e-01,5.096130445599555969e-02,4.576084017753601074e-02,6.088635921478271484e-01
5.248482152819633484e-02,9.152436256408691406e-01,5.661629885435104370e-02,1.930595636367797852e-01,7.303480803966522217e-02,2.325153350830078125e-02,3.618759289383888245e-02,2.842476591467857361e-02
1.543639302253723145e-01,2.066883817315101624e-02,3.097787201404571533e-01,4.879196360707283020e-02,4.884587973356246948e-02,4.774413406848907471e-01,3.127600625157356262e-02,4.782570898532867432e-02
3.754824101924896240e-01,4.360325038433074951e-01,1.604503542184829712e-01,5.650034919381141663e-02,8.539097011089324951e-02,2.462224662303924561e-02,3.162343427538871765e-02,9.444132447242736816e-03
4.514725506305694580e-02,5.615802854299545288e-02,7.783640027046203613e-01,9.141677618026733398e-02,7.508227229118347168e-02,2.271052636206150055e-02,3.033331222832202911e-02,5.334790423512458801e-02
4.375284165143966675e-02,8.801175653934478760e-02,4.380077123641967773e-01,7.966163009405136108e-02,2.187635153532028198e-01,4.305430129170417786e-02,4.453959688544273376e-02,6.758950352668762207e-01
7.559619098901748657e-02,6.157348304986953735e-02,8.249274492263793945e-01,5.977989733219146729e-02,5.190909653902053833e-02,2.918557263910770416e-02,2.863438613712787628e-02,5.032649636268615723e-02
7.283896952867507935e-02,2.659017033874988556e-02,6.334005594253540039e-01,5.510373413562774658e-02,6.508637219667434692e-02,3.314312547445297241e-02,2.020108513534069061e-02,4.313569143414497375e-02
6.901255249977111816e-02,5.183700099587440491e-02,7.231981754302978516e-01,7.066237181425094604e-02,1.423008888959884644e-01,1.441688276827335358e-02,2.897319942712783813e-02,3.474737703800201416e-02
2.807721309363842010e-02,5.792501568794250488e-02,1.525473892688751221e-01,8.650801777839660645e-01,4.848632216453552246e-02,3.700244054198265076e-02,2.811076119542121887e-02,8.660300076007843018e-02
3.974108695983886719e-01,2.153041772544384003e-02,2.963505089282989502e-01,4.828691855072975159e-02,8.263568878173828125e-01,4.910546913743019104e-02,6.589844822883605957e-02,4.016167297959327698e-02
7.841039448976516724e-02,4.659695923328399658e-02,1.174718439579010010e-01,5.333867669105529785e-02,9.151709675788879395e-01,5.166876316070556641e-02,5.306955054402351379e-02,5.254206061363220215e-02
3.632768988609313965e-02,5.649399384856224060e-02,1.742665767669677734e-01,8.814823031425476074e-01,6.791875511407852173e-02,2.654947526752948761e-02,2.798022702336311340e-02,7.628525048494338989e-02
3.026154637336730957e-02,2.944567427039146423e-02,6.740148663520812988e-01,1.230124384164810181e-01,1.308291554450988770e-01,2.807153761386871338e-02,2.868406660854816437e-02,8.562384545803070068e-02
6.090138852596282959e-02,9.123324155807495117e-01,6.624677777290344238e-02,4.077452421188354492e-02,1.025493741035461426e-01,3.259061649441719055e-02,3.054842725396156311e-02,2.473983913660049438e-02
3.541010990738868713e-02,4.258397221565246582e-02,7.711390852928161621e-01,9.911453723907470703e-02,1.318525075912475586e-01,2.423145435750484467e-02,3.245452791452407837e-02,1.573147624731063843e-01
2.499038875102996826e-01,3.046230040490627289e-02,4.950352013111114502e-01,2.187461405992507935e-02,7.491233944892883301e-02,7.823936641216278076e-02,2.977720648050308228e-02,2.170867659151554108e-02
4.640867561101913452e-02,4.457476735115051270e-02,8.061199784278869629e-01,8.448160439729690552e-02,1.068795248866081238e-01,2.058755978941917419e-02,2.994521148502826691e-02,7.595796883106231689e-02
6.501924991607666016e-02,9.348391294479370117e-01,4.545395448803901672e-02,3.767712786793708801e-02,4.537122547626495361e-01,4.729069769382476807e-02,6.219329684972763062e-02,5.227597057819366455e-02
7.145376503467559814e-02,2.778187766671180725e-02,8.388497829437255859e-01,5.766750127077102661e-02,1.850047707557678223e-01,3.642581030726432800e-02,4.415670782327651978e-02,8.551150560379028320e-02
9.735751897096633911e-02,4.018182680010795593e-02,8.575968742370605469e-01,5.049227178096771240e-02,1.332972943782806396e-01,2.625229023396968842e-02,4.515334963798522949e-02,7.943055778741836548e-02
1.002101078629493713e-01,6.517196446657180786e-02,1.454664617776870728e-01,2.538223005831241608e-02,8.271239399909973145e-01,3.116541914641857147e-02,3.818801790475845337e-02,2.792642638087272644e-02
4.942151531577110291e-02,4.133081063628196716e-02,3.755169808864593506e-01,8.920315653085708618e-02,1.493764668703079224e-01,5.745889618992805481e-02,4.204110428690910339e-02,6.593407988548278809e-01
3.584180027246475220e-02,9.450135827064514160e-01,6.979793310165405273e-02,6.223221495747566223e-02,1.405301392078399658e-01,3.396400809288024902e-02,4.189340397715568542e-02,5.403359606862068176e-02
6.952298432588577271e-02,2.246220409870147705e-02,8.016632199287414551e-01,1.511947661638259888e-01,6.164712831377983093e-02,2.960388921201229095e-02,2.955993078649044037e-02,3.996440395712852478e-02
4.491528496146202087e-02,3.582845628261566162e-02,3.260065615177154541e-01,1.657114326953887939e-01,1.766238175332546234e-02,2.184820026159286499e-01,2.080764248967170715e-02,7.621044665575027466e-02
8.479926586151123047e-01,4.485792294144630432e-02,2.356967031955718994e-01,8.200231939554214478e-02,1.811333149671554565e-01,1.239592060446739197e-01,6.526197493076324463e-02,3.557053953409194946e-02
8.551483601331710815e-02,2.621479518711566925e-02,6.829330921173095703e-01,3.559906035661697388e-02,2.184132188558578491e-01,3.283437341451644897e-02,3.264864534139633179e-02,6.506452709436416626e-02
4.901634529232978821e-02,4.819240048527717590e-02,1.852995902299880981e-01,8.965839743614196777e-01,7.467822730541229248e-02,3.097292594611644745e-02,3.107853233814239502e-02,7.414207607507705688e-02
4.390222579240798950e-02,5.732111930847167969e-01,1.215295568108558655e-01,8.966973423957824707e-02,1.606978774070739746e-01,1.611456461250782013e-02,2.288348414003849030e-02,5.479445680975914001e-02
3.007393889129161835e-02,4.356187209486961365e-02,2.968880832195281982e-01,8.039798736572265625e-01,1.049844771623611450e-01,2.084813639521598816e-02,2.726184390485286713e-02,8.408860117197036743e-02
4.681101813912391663e-02,6.771678477525711060e-02,7.512311935424804688e-01,5.528586730360984802e-02,1.854808181524276733e-01,2.342471480369567871e-02,3.753345087170600891e-02,9.078019112348556519e-02
4.932742565870285034e-02,3.262570127844810486e-02,8.328863978385925293e-01,1.299045234918594360e-01,7.592914253473281860e-02,2.206282503902912140e-02,3.018537722527980804e-02,6.457080692052841187e-02
2.436611615121364594e-02,8.724495768547058105e-02,1.175094172358512878e-01,8.753236532211303711e-01,5.455454438924789429e-02,3.395192325115203857e-02,2.827019803225994110e-02,9.541466087102890015e-02
8.937718719244003296e-02,3.553939610719680786e-02,7.940483093261718750e-01,7.594005018472671509e-02,3.445576876401901245e-02,2.673937194049358368e-02,2.694939076900482178e-02,3.322578221559524536e-02
9.254191815853118896e-02,4.258003458380699158e-02,7.522914409637451172e-01,4.927957430481910706e-02,1.390486508607864380e-01,2.029250003397464752e-02,3.327777609229087830e-02,5.340162664651870728e-02
4.197945445775985718e-02,5.239275470376014709e-02,3.935896754264831543e-01,1.174887418746948242e-01,1.195040121674537659e-01,5.925737693905830383e-02,4.678171128034591675e-02,7.504261136054992676e-01
5.667600408196449280e-02,2.813890017569065094e-02,7.817637920379638672e-01,6.350171566009521484e-02,1.018970012664794922e-01,2.529293857514858246e-02,2.959650754928588867e-02,5.906150862574577332e-02
8.435568213462829590e-02,5.151206627488136292e-02,1.293494552373886108e-01,4.560703784227371216e-02,9.149814248085021973e-01,4.670036956667900085e-02,5.215175822377204895e-02,4.691390693187713623e-02
1.105574220418930054e-01,2.933242544531822205e-02,2.493001818656921387e-01,4.308301210403442383e-02,8.972477912902832031e-01,4.591630026698112488e-02,5.452489107847213745e-02,5.260002240538597107e-02
4.923390969634056091e-02,4.949989169836044312e-02,7.893266081809997559e-01,7.965809851884841919e-02,5.305320024490356445e-02,2.035309933125972748e-02,2.658329717814922333e-02,3.949218615889549255e-02
6.000644564628601074e-01,1.711836606264114380e-01,6.259154528379440308e-02,3.194259107112884521e-02,1.152788549661636353e-01,1.754239201545715332e-01,3.883134946227073669e-02,1.550517603754997253e-02
6.610026955604553223e-02,8.373938798904418945e-01,7.519248872995376587e-02,5.551467835903167725e-02,8.337591588497161865e-02,4.106923937797546387e-02,3.721386939287185669e-02,1.803365163505077362e-02
3.446592092514038086e-01,5.695669725537300110e-02,5.575593709945678711e-01,3.287100791931152344e-02,1.218296959996223450e-01,2.965669706463813782e-02,3.385885059833526611e-02,1.653551869094371796e-02
2.243073098361492157e-02,1.116680800914764404e-01,8.772986382246017456e-02,8.636236786842346191e-01,6.411259621381759644e-02,3.091867268085479736e-02,2.856408990919589996e-02,1.086780130863189697e-01
3.940347954630851746e-02,7.642718404531478882e-02,2.877493500709533691e-01,1.195684671401977539e-01,1.342683583498001099e-01,6.409507244825363159e-02,5.129305273294448853e-02,8.213282227516174316e-01
1.883813440799713135e-01,3.670071437954902649e-02,5.321017503738403320e-01,3.676191717386245728e-02,1.974870264530181885e-01,1.925095357000827789e-02,2.615747042000293732e-02,1.817309856414794922e-02
7.979380339384078979e-02,2.421668544411659241e-02,3.589080870151519775e-01,5.309236794710159302e-02,8.342768549919128418e-01,3.853057324886322021e-02,4.807302355766296387e-02,5.917019024491310120e-02
2.410380728542804718e-02,8.564755916595458984e-01,9.069468080997467041e-02,2.765977382659912109e-01,5.835608020424842834e-02,1.621853746473789215e-02,2.612340264022350311e-02,2.476978115737438202e-02
5.720915645360946655e-02,5.144463852047920227e-02,8.405444025993347168e-01,6.353945285081863403e-02,1.373417079448699951e-01,2.996477298438549042e-02,3.769111260771751404e-02,1.089003831148147583e-01
5.754595994949340820e-02,4.963561892509460449e-02,7.594927549362182617e-01,5.137321352958679199e-02,1.501371711492538452e-01,1.839180476963520050e-02,3.262263536453247070e-02,5.608432739973068237e-02
9.477912634611129761e-02,1.938004419207572937e-02,6.709599494934082031e-01,7.214301824569702148e-02,7.014549970626831055e-01,4.383199661970138550e-02,5.701056122779846191e-02,7.307862490415573120e-02
8.567117154598236084e-02,2.177877351641654968e-02,2.879554927349090576e-01,7.428173720836639404e-02,8.545324802398681641e-01,4.324248060584068298e-02,5.732255801558494568e-02,5.071765556931495667e-02
4.007646068930625916e-02,2.783209830522537231e-02,5.728840231895446777e-01,1.210163310170173645e-01,1.146317943930625916e-01,3.160990774631500244e-02,2.677115984261035919e-02,2.542653381824493408e-01
7.082924246788024902e-02,8.858486264944076538e-02,3.916826546192169189e-01,3.526511788368225098e-02,7.680252194404602051e-02,5.383421853184700012e-02,2.084692940115928650e-02,1.669543981552124023e-02
6.846659630537033081e-02,4.591506347060203552e-02,8.382307291030883789e-01,8.120398968458175659e-02,4.154606908559799194e-02,2.840412594377994537e-02,2.974267490208148956e-02,4.355220124125480652e-02
3.382199630141258240e-02,2.854291349649429321e-02,6.064144968986511230e-01,3.124722242355346680e-01,8.491267263889312744e-02,1.862974278628826141e-02,2.269720658659934998e-02,8.260654658079147339e-02
2.762893773615360260e-02,9.421117305755615234e-01,7.227456569671630859e-02,1.038259938359260559e-01,5.979486927390098572e-02,3.256877884268760681e-02,3.142036870121955872e-02,3.675367310643196106e-02
3.042603656649589539e-02,7.617758214473724365e-02,1.802046298980712891e-01,8.112465143203735352e-01,3.060005046427249908e-02,3.048369660973548889e-02,2.196738496422767639e-02,4.580033570528030396e-02
3.400739654898643494e-02,5.981673672795295715e-02,4.771750867366790771e-01,1.127244979143142700e-01,5.901433825492858887e-01,2.018227241933345795e-02,3.972316905856132507e-02,2.023631036281585693e-01
3.635948896408081055e-02,6.465093046426773071e-02,6.541782617568969727e-01,1.519730836153030396e-01,3.288646340370178223e-01,2.060658112168312073e-02,4.147864133119583130e-02,2.098131030797958374e-01
2.594323754310607910e-01,2.930395677685737610e-02,8.134032487869262695e-01,3.972708061337471008e-02,1.382630914449691772e-01,4.417398944497108459e-02,4.507817700505256653e-02,2.159715257585048676e-02
4.089596122503280640e-02,8.980233073234558105e-01,7.704939693212509155e-02,5.247850343585014343e-02,9.537935256958007812e-02,3.032425977289676666e-02,2.642544917762279510e-02,3.198522329330444336e-02
1.789188832044601440e-01,1.621685735881328583e-02,7.997872829437255859e-01,7.812721282243728638e-02,7.927992194890975952e-02,3.411384299397468567e-02,3.840522840619087219e-02,3.981366753578186035e-02
3.129403293132781982e-02,4.705072939395904541e-02,2.782690227031707764e-01,1.605132222175598145e-01,1.148355975747108459e-01,5.509275943040847778e-02,3.872549906373023987e-02,7.090520262718200684e-01
1.346465498208999634e-01,3.308911994099617004e-02,8.319901227951049805e-01,4.423945769667625427e-02,6.547476351261138916e-02,2.829665690660476685e-02,3.292445465922355652e-02,3.568720445036888123e-02
1.362481117248535156e-01,4.819535091519355774e-02,1.011269539594650269e-01,5.812927484512329102e-01,3.137170076370239258e-01,1.765899918973445892e-02,2.933110296726226807e-02,4.614397138357162476e-02
2.187712341547012329e-01,2.726807631552219391e-02,1.473789811134338379e-01,6.607960909605026245e-02,9.347712993621826172e-02,7.697442173957824707e-01,5.240688472986221313e-02,5.706936120986938477e-02
7.785928994417190552e-02,5.377528071403503418e-02,1.665159016847610474e-01,4.015142843127250671e-02,9.056666493415832520e-01,4.071340709924697876e-02,4.839332774281501770e-02,5.263055488467216492e-02
4.029833897948265076e-02,7.472273707389831543e-02,2.452181875705718994e-01,6.611076742410659790e-02,5.905577540397644043e-01,3.584850206971168518e-02,4.407542943954467773e-02,4.891406297683715820e-01
6.061720848083496094e-02,4.558016359806060791e-01,4.314413294196128845e-02,5.073790997266769409e-02,8.351269364356994629e-01,3.306736052036285400e-02,4.839639365673065186e-02,3.155465051531791687e-02
5.239373818039894104e-02,3.799000754952430725e-02,8.495088219642639160e-01,1.216166391968727112e-01,5.224176496267318726e-02,2.500441297888755798e-02,2.956700325012207031e-02,5.374715477228164673e-02
5.325795710086822510e-02,3.648493811488151550e-02,7.490360140800476074e-01,1.440460830926895142e-01,2.939550578594207764e-02,4.844723641872406006e-02,2.395378984510898590e-02,3.934680297970771790e-02
3.663021326065063477e-02,9.544752538204193115e-02,2.417229413986206055e-01,1.147170513868331909e-01,1.346496641635894775e-01,6.360032409429550171e-02,5.463204532861709595e-02,8.272960186004638672e-01
7.202771306037902832e-02,4.666138812899589539e-02,5.942451953887939453e-01,1.281434148550033569e-01,1.480737477540969849e-01,1.288211345672607422e-02,2.172411978244781494e-02,3.907739371061325073e-02
7.264492660760879517e-02,7.918772697448730469e-01,1.234030574560165405e-01,3.617857396602630615e-02,1.027320027351379395e-01,2.781329490244388580e-02,2.588593587279319763e-02,1.687825657427310944e-02
3.351658284664154053e-01,1.709594428539276123e-01,3.873102068901062012e-01,6.208091601729393005e-02,1.056821569800376892e-01,1.468032319098711014e-02,2.817201428115367889e-02,9.969445876777172089e-03
3.264166787266731262e-02,6.299578398466110229e-02,3.028242588043212891e-01,6.825397014617919922e-01,6.051722913980484009e-02,1.436539273709058762e-02,2.153884060680866241e-02,4.370403289794921875e-02
3.010921366512775421e-02,1.898268014192581177e-01,4.485514461994171143e-01,6.891585141420364380e-02,9.641110152006149292e-02,1.415086444467306137e-02,2.095264755189418793e-02,8.874879032373428345e-02
7.843770086765289307e-02,1.601891405880451202e-02,3.253685832023620605e-01,2.280563563108444214e-01,7.826295495033264160e-01,3.744855150580406189e-02,5.118387565016746521e-02,6.128759682178497314e-02
1.655743718147277832e-01,1.690666005015373230e-02,5.512578487396240234e-01,6.693197786808013916e-02,3.113688342273235321e-02,1.466760188341140747e-01,2.371894009411334991e-02,2.853559702634811401e-02
3.363874554634094238e-02,7.499986141920089722e-02,2.510746419429779053e-01,1.166316568851470947e-01,1.393775939941406250e-01,6.463288515806198120e-02,4.983441159129142761e-02,8.092719316482543945e-01
7.669563293457031250e-01,4.523607715964317322e-02,5.108839869499206543e-01,6.974225491285324097e-02,1.535430252552032471e-01,4.864687845110893250e-02,6.346777826547622681e-02,3.101522848010063171e-02
1.157334148883819580e-01,9.228228032588958740e-02,4.995512962341308594e-01,3.900709748268127441e-02,5.855635181069374084e-02,1.750203035771846771e-02,2.050178870558738708e-02,1.150651555508375168e-02
3.413964062929153442e-02,3.612633422017097473e-02,5.084413290023803711e-01,4.874524474143981934e-01,2.685649879276752472e-02,2.953850291669368744e-02,2.249237708747386932e-02,4.570696502923965454e-02
1.008477881550788879e-01,3.162406757473945618e-02,2.122800946235656738e-01,4.278203845024108887e-02,8.968320488929748535e-01,4.772211238741874695e-02,5.281205847859382629e-02,4.711645469069480896e-02
4.837910085916519165e-02,2.059703692793846130e-02,6.351449489593505859e-01,2.445443272590637207e-01,3.155071288347244263e-02,3.827791661024093628e-02,2.742050960659980774e-02,4.892123490571975708e-02
7.810085266828536987e-02,5.534354969859123230e-02,2.512434422969818115e-01,6.039872020483016968e-02,8.750932216644287109e-01,2.750999480485916138e-02,4.740818589925765991e-02,7.605239003896713257e-02
3.666815906763076782e-02,9.458451718091964722e-02,1.621936708688735962e-01,4.928645491600036621e-01,8.044444024562835693e-02,1.238968875259160995e-02,1.676445268094539642e-02,5.827757716178894043e-02
1.034454256296157837e-01,8.728650808334350586e-01,1.366794109344482422e-01,4.043328016996383667e-02,6.328909844160079956e-02,2.724494226276874542e-02,2.974473685026168823e-02,1.799298264086246490e-02
3.065482527017593384e-02,3.102865815162658691e-02,2.577715814113616943e-01,5.178720355033874512e-01,7.622928917407989502e-02,1.636839471757411957e-02,1.853052712976932526e-02,9.236305952072143555e-02
1.004965007305145264e-01,5.033571645617485046e-02,5.872187018394470215e-01,3.971570357680320740e-02,1.904265731573104858e-01,2.127325907349586487e-02,2.619209699332714081e-02,3.411730378866195679e-02
2.655662409961223602e-02,1.608664840459823608e-01,3.514427244663238525e-01,2.045494914054870605e-01,3.594723641872406006e-01,1.281983777880668640e-02,3.501694649457931519e-02,1.942912936210632324e-01
9.558792412281036377e-02,3.384516388177871704e-02,2.046193033456802368e-01,4.725926741957664490e-02,8.905861377716064453e-01,4.028059542179107666e-02,4.907475039362907410e-02,4.483291506767272949e-02
7.841037958860397339e-02,6.316539645195007324e-01,3.193057477474212646e-01,4.073888808488845825e-02,6.621474027633666992e-02,1.981641352176666260e-02,2.517041005194187164e-02,1.859962381422519684e-02
4.528721794486045837e-02,3.942279890179634094e-02,6.702605485916137695e-01,1.389554888010025024e-01,3.990358859300613403e-02,2.961411140859127045e-02,2.072087116539478302e-02,3.917543590068817139e-02
1.176870912313461304e-01,3.063660673797130585e-02,7.338863015174865723e-01,3.804202005267143250e-02,1.797771751880645752e-01,4.535635560750961304e-02,3.435090556740760803e-02,5.876314267516136169e-02
2.563049085438251495e-02,5.997711047530174255e-02,2.863618731498718262e-01,1.281318515539169312e-01,7.935437560081481934e-02,5.161972343921661377e-02,3.478125482797622681e-02,6.417376995086669922e-01
1.284057796001434326e-01,9.353819489479064941e-02,5.998223423957824707e-01,2.855020575225353241e-02,6.815898418426513672e-02,2.648902311921119690e-02,2.509875223040580750e-02,2.264218963682651520e-02
3.672370687127113342e-02,3.056572005152702332e-02,7.638117074966430664e-01,3.230703175067901611e-01,4.224578291177749634e-02,2.434949576854705811e-02,2.865682169795036316e-02,7.675567269325256348e-02
6.692669391632080078e-01,9.642770141363143921e-02,1.547122150659561157e-01,8.090667426586151123e-02,1.174169480800628662e-01,7.472515851259231567e-02,4.026070982217788696e-02,1.538917981088161469e-02
3.450002670288085938e-01,2.920050546526908875e-02,4.395579397678375244e-01,3.667642921209335327e-02,1.967244744300842285e-01,3.525038808584213257e-02,3.395337238907814026e-02,3.120526298880577087e-02
7.883318513631820679e-02,5.179614573717117310e-02,3.500427007675170898e-01,5.927251651883125305e-02,7.058835625648498535e-01,1.936750113964080811e-02,3.569873422384262085e-02,8.138678967952728271e-02
2.243588119745254517e-02,3.483113944530487061e-01,1.264393478631973267e-01,3.409211635589599609e-01,8.074249327182769775e-02,9.912733919918537140e-03,1.857081055641174316e-02,5.735224857926368713e-02
1.634753495454788208e-01,3.588926792144775391e-02,5.201513171195983887e-01,7.927992194890975952e-02,4.987432360649108887e-01,2.132687717676162720e-02,3.547473624348640442e-02,1.991930976510047913e-02
3.257366269826889038e-02,9.215819239616394043e-01,9.339218586683273315e-02,5.313964933156967163e-02,1.598486751317977905e-01,2.370724454522132874e-02,3.766688331961631775e-02,6.373638659715652466e-02
1.306651383638381958e-01,3.710889071226119995e-02,7.376305460929870605e-01,6.520926207304000854e-02,6.005036830902099609e-02,2.192808873951435089e-02,2.666641958057880402e-02,3.565953299403190613e-02
5.507572367787361145e-02,1.101706102490425110e-01,4.770097732543945312e-01,8.363907784223556519e-02,1.212803423404693604e-01,1.134898327291011810e-02,2.368316985666751862e-02,7.781171053647994995e-02
5.101413279771804810e-02,4.566604644060134888e-02,7.330776453018188477e-01,2.076611369848251343e-01,5.500848963856697083e-02,1.485486794263124466e-02,2.526600286364555359e-02,3.557379171252250671e-02
4.022196307778358459e-02,4.830103367567062378e-02,7.659903168678283691e-01,2.087595164775848389e-01,3.616802394390106201e-02,2.007760852575302124e-02,2.516515552997589111e-02,5.791040137410163879e-02
8.908642828464508057e-02,5.843901261687278748e-02,1.159169971942901611e-01,4.641986638307571411e-02,9.211325645446777344e-01,4.498747736215591431e-02,5.519320815801620483e-02,5.131085589528083801e-02
3.367367386817932129e-02,7.122974097728729248e-02,1.501291394233703613e-01,9.034677743911743164e-01,6.947229057550430298e-02,2.646084502339363098e-02,3.009178303182125092e-02,7.228340208530426025e-02
4.563262313604354858e-02,1.066339164972305298e-01,3.657070100307464600e-01,1.344804763793945312e-01,3.903600871562957764e-01,9.885011240839958191e-03,3.129323571920394897e-02,9.995488077402114868e-02
3.125582635402679443e-02,5.771528184413909912e-02,7.368397116661071777e-01,8.053939789533615112e-02,3.845710307359695435e-02,2.721530757844448090e-02,2.321667782962322235e-02,8.815379440784454346e-02
