[0.7295579  0.8612915  0.02072882 0.06060759 0.12793373 0.5959114
 0.0476145  0.06588699 0.6002444  0.0278288  0.02789467 0.03798389]
[0.5533553  0.5211662  0.01099662 0.04201504 0.0564176  0.039405
 0.03057562 0.00564498 0.04069186 0.01294946 0.01812226 0.01806773]
[0.94816905 0.05685237 0.00956693 0.6427784  0.00843093 0.03719981
 0.01621912 0.0369262  0.06877057 0.01542455 0.00862912 0.01077281]
[0.47054648 0.1197358  0.03102979 0.10620973 0.01983266 0.12789176
 0.05423098 0.04513932 0.8079004  0.03045105 0.01881154 0.02049803]
[0.3200573  0.16274528 0.02623581 0.7377208  0.00487652 0.0459246
 0.02506303 0.0252503  0.06024036 0.03866178 0.061023   0.01575362]
[0.64212674 0.9489926  0.04851013 0.299657   0.27187794 0.8053684
 0.09929685 0.8049619  0.71364516 0.14464317 0.11073289 0.14855076]
[0.86269516 0.01463627 0.00749911 0.07514422 0.02156059 0.00973935
 0.02038887 0.0136225  0.02000275 0.04612904 0.00433936 0.0071044 ]
[0.619387   0.02203938 0.02833236 0.90624905 0.00890366 0.03607984
 0.03013601 0.07759899 0.04069122 0.0253037  0.01764798 0.01752932]
[0.5833273  0.03479305 0.01107975 0.01280677 0.47777313 0.0135897
 0.02683261 0.00875089 0.0105009  0.01469087 0.00437018 0.01460506]
[0.5966316  0.12146089 0.05700715 0.07226166 0.06457867 0.04824629
 0.42992055 0.01869091 0.09541298 0.01750423 0.01396653 0.04431382]
[0.9530903  0.01779943 0.00593233 0.01883732 0.12495269 0.01471745
 0.02225002 0.01023644 0.02119618 0.01210346 0.00456456 0.00949404]
[0.93556386 0.01292458 0.0086252  0.01820543 0.19551182 0.0155251
 0.03457681 0.00928146 0.01511904 0.01486304 0.00570576 0.01348929]
[0.97251666 0.02089512 0.00722638 0.02697285 0.08734839 0.02366845
 0.02341503 0.01626095 0.04294741 0.01168399 0.00513995 0.01070314]
[0.73985714 0.76530737 0.03720869 0.19504619 0.29041943 0.6959389
 0.08121384 0.89325225 0.6202442  0.07296194 0.06067251 0.09070074]
[0.9647289  0.01230816 0.00744388 0.06055506 0.03426804 0.01632202
 0.02934812 0.01169598 0.02486368 0.01397139 0.00537489 0.00965493]
[0.85597587 0.05377409 0.01259854 0.00720772 0.7323703  0.05891783
 0.03210422 0.03093146 0.05975438 0.00992196 0.00825362 0.02340338]
[0.96831524 0.04902259 0.00640987 0.01998709 0.15618326 0.02466332
 0.01818992 0.01486857 0.04062254 0.01336709 0.00445083 0.01121066]
[0.759784   0.581884   0.00619702 0.08263584 0.02786247 0.02918432
 0.01636169 0.02121363 0.05448112 0.0242455  0.0096738  0.01443308]
[0.9362369  0.01393566 0.00716383 0.01638561 0.1852672  0.01478116
 0.02842768 0.01033892 0.01695937 0.01697731 0.00493893 0.01170447]
[0.69894886 0.00524687 0.0261899  0.06150417 0.2795967  0.02019975
 0.05894351 0.02416895 0.01037093 0.03781609 0.008772   0.02221919]
[0.7481378  0.00480206 0.05322622 0.04737193 0.1404166  0.01239875
 0.06254134 0.02154593 0.02019534 0.01221116 0.00481589 0.01846025]
[0.94893587 0.2192451  0.00609679 0.12265769 0.03087717 0.03358153
 0.01391567 0.01577518 0.0528021  0.01112784 0.00756482 0.01548269]
[0.7515382  0.50600046 0.0072357  0.12122438 0.03004433 0.05442466
 0.02060674 0.0247915  0.11697583 0.0082124  0.01664824 0.01911242]
[0.879446   0.446512   0.00593145 0.02999209 0.06231491 0.02972017
 0.01718178 0.01636592 0.0692371  0.00838852 0.01165759 0.01473795]
[0.9629665  0.01337704 0.0084845  0.05051631 0.04559784 0.01452871
 0.02427758 0.01150663 0.02240908 0.0101916  0.00459691 0.00952314]
[0.96590304 0.0118688  0.00868172 0.05039897 0.03559069 0.0327874
 0.02492734 0.02247953 0.06386782 0.01209007 0.00594663 0.00961185]
[0.0577049  0.11904322 0.02884651 0.3251761  0.01982596 0.02769158
 0.02085187 0.02423089 0.01985097 0.05116795 0.43110773 0.02887707]
[0.8554531  0.7921926  0.00619026 0.01826736 0.10084749 0.03049069
 0.02045458 0.01756465 0.11844403 0.00870703 0.0080659  0.01592669]
[0.95990217 0.0090778  0.00950889 0.10705886 0.02638272 0.01693045
 0.02830085 0.0133269  0.02380257 0.03194061 0.00664373 0.01076458]
[0.45243114 0.74086237 0.02450156 0.3701588  0.07618636 0.80105567
 0.04973625 0.3128459  0.4991428  0.05171939 0.06156406 0.05151992]
[0.24198398 0.03786433 0.05130139 0.55228657 0.02568613 0.02719624
 0.0275091  0.11195014 0.03492789 0.01299994 0.00666588 0.01456763]
[0.28389713 0.3667518  0.02384271 0.65090096 0.00659682 0.07296777
 0.03109427 0.0654498  0.36179745 0.01459269 0.01925431 0.01524327]
[0.9677953  0.02491842 0.00552286 0.0611654  0.02412041 0.02081815
 0.0183646  0.01526134 0.03762196 0.0273614  0.00483336 0.00798895]
[0.97125095 0.03295759 0.00615629 0.02351717 0.09566808 0.02238823
 0.02245166 0.01307269 0.03807182 0.01120992 0.00503826 0.011697  ]
[0.2143016  0.02309181 0.03366082 0.00722295 0.8387682  0.02281163
 0.11194573 0.01441762 0.01427082 0.02333964 0.01281508 0.04117047]
[0.2267993  0.27321658 0.05642468 0.3383425  0.02053087 0.23017742
 0.0605     0.13046074 0.87774694 0.05462651 0.04998116 0.03833327]
[0.965185   0.04636759 0.00439877 0.02508483 0.07809298 0.02789631
 0.01571144 0.01542064 0.04066945 0.01972041 0.00468374 0.0098691 ]
[0.9746216  0.03042126 0.00591019 0.06371207 0.02903793 0.02466463
 0.01724849 0.02013478 0.04854686 0.01370699 0.00458627 0.0080573 ]
[0.7549962  0.01099682 0.12710819 0.07626843 0.03478926 0.01547562
 0.04745675 0.02642407 0.03173478 0.03714404 0.01120052 0.01676264]
[0.83835846 0.01579471 0.00695586 0.04671603 0.06988376 0.01311299
 0.02382454 0.06358504 0.01879094 0.00867909 0.00377961 0.00838409]
[0.6397148  0.03339371 0.0225915  0.8474682  0.00662583 0.03387713
 0.03068571 0.04234878 0.04020354 0.01323383 0.01142354 0.01272153]
[0.613034   0.01491677 0.00755207 0.0200194  0.29586494 0.0081295
 0.03243743 0.01501547 0.00771505 0.01640737 0.00384705 0.01247721]
[0.7050013  0.00958273 0.01227337 0.02033157 0.44513357 0.01432289
 0.05348614 0.01246476 0.00886098 0.0080733  0.00522661 0.02091919]
[0.9268195  0.01691394 0.01007395 0.43132177 0.02448469 0.03680437
 0.02095758 0.0669031  0.02908091 0.01046707 0.00487602 0.01074551]
[0.27801606 0.0198189  0.02800627 0.24417537 0.05019485 0.02153363
 0.03422253 0.74495816 0.04276739 0.02818715 0.02775889 0.02679198]
[0.49198228 0.03743032 0.04575999 0.938041   0.00607983 0.05759574
 0.0343525  0.06388515 0.06461295 0.03003216 0.02369305 0.01851584]
[0.92720324 0.03528535 0.00885743 0.02940545 0.12134445 0.02436915
 0.02202275 0.04697701 0.03718818 0.00856976 0.00377985 0.00946624]
[0.9568851  0.06221367 0.005976   0.05450467 0.01910876 0.0149706
 0.01974068 0.02004629 0.03915624 0.03685311 0.00601625 0.00733947]
[0.9671108  0.07016563 0.00561038 0.06993443 0.02573612 0.01772666
 0.01853433 0.01737207 0.03839689 0.04128838 0.00756994 0.0105076 ]
[0.95361894 0.15957469 0.00482107 0.02675358 0.05145112 0.01919698
 0.0146265  0.0177447  0.03413932 0.03137417 0.00826313 0.01076312]
[0.9695209  0.0392533  0.00736044 0.03172555 0.06589596 0.02125328
 0.02306541 0.03713239 0.04369241 0.02348936 0.00626213 0.00979637]
[0.965713   0.17136498 0.004854   0.05928905 0.02316491 0.023618
 0.01655986 0.01440693 0.0562408  0.02417683 0.00677399 0.00897154]
[0.96892685 0.02918551 0.00831899 0.03013563 0.11923596 0.03157354
 0.02025265 0.01712324 0.03976368 0.01002501 0.00454396 0.01452568]
[0.93098575 0.1407701  0.0048576  0.07015021 0.08599589 0.03262718
 0.01294047 0.02341398 0.02889079 0.00836687 0.00527577 0.01269727]
[0.9733016  0.09473496 0.0057176  0.03973798 0.03173845 0.03343335
 0.01787558 0.01687296 0.09638567 0.01793365 0.00674011 0.00928914]
[0.94998676 0.09463549 0.00625045 0.08759397 0.02097267 0.01891436
 0.01616038 0.01739426 0.03385691 0.05540985 0.01163821 0.01134402]
[0.9150846  0.13024722 0.01448521 0.06786911 0.07588252 0.5285543
 0.03535565 0.03886736 0.23886907 0.03484588 0.01813269 0.0202413 ]
[0.92052245 0.01490117 0.00730571 0.03145188 0.14777924 0.01667816
 0.03022348 0.11334277 0.02708191 0.01150815 0.0057847  0.01256739]
[0.92539024 0.03943134 0.00722516 0.00936944 0.4638744  0.02359668
 0.03039701 0.01348785 0.02555681 0.01186745 0.00482494 0.01552642]
[0.47334716 0.16038911 0.03852949 0.12011191 0.04032332 0.22138232
 0.07693645 0.32223085 0.88399726 0.05084175 0.02547591 0.02945308]
[0.9089724  0.13540518 0.01029514 0.04051599 0.09103528 0.04220723
 0.0913806  0.03569511 0.08353004 0.0058473  0.00327886 0.01689821]
[0.88878113 0.01889475 0.01033694 0.01225879 0.4414483  0.01732385
 0.05166275 0.01054851 0.01361395 0.01157917 0.00599207 0.02133016]
[0.9539525  0.31843397 0.00690071 0.01878749 0.12517318 0.02475498
 0.01889867 0.01574163 0.07386181 0.01064392 0.00574072 0.01520236]
[0.93473643 0.01104718 0.01148715 0.01909027 0.14268792 0.02067365
 0.05164327 0.01715916 0.03411637 0.00778397 0.00446768 0.01389718]
[0.16306293 0.02667422 0.07845392 0.05519328 0.11107796 0.03254853
 0.71872866 0.03547604 0.04372066 0.02933587 0.03041783 0.05815176]
[0.95131326 0.03577098 0.00531019 0.03168511 0.0521449  0.02271904
 0.01714338 0.02167028 0.0350218  0.01348168 0.00410514 0.00730079]
[0.50751144 0.04167915 0.03711306 0.05763233 0.14597228 0.63020235
 0.05790599 0.04260083 0.27383602 0.01304842 0.0145545  0.02173613]
[0.20074046 0.04751334 0.02846786 0.00951386 0.5348659  0.03067389
 0.11652771 0.00959455 0.01559308 0.04237052 0.01306811 0.03423982]
[0.6307197  0.00802815 0.04748922 0.1633323  0.03422196 0.03669022
 0.03931744 0.02187867 0.02885702 0.04041892 0.01216241 0.01307659]
[0.9626714  0.04534957 0.00567695 0.05200118 0.02626233 0.02577625
 0.01750479 0.02423847 0.07371971 0.00754719 0.0034576  0.00731239]
[0.32879233 0.03281291 0.01707716 0.04246126 0.09609863 0.0115243
 0.04871506 0.00757918 0.00901125 0.0151415  0.00427765 0.01226895]
[0.9625181  0.09745537 0.00866547 0.17156805 0.01463975 0.0780598
 0.02280068 0.032105   0.2573137  0.00845097 0.00544457 0.01063825]
[0.92886317 0.01064473 0.00896086 0.01837586 0.23309048 0.02121233
 0.031164   0.02050349 0.02307185 0.0070969  0.00408308 0.01264286]
[0.7981451  0.01742268 0.00749285 0.2636313  0.02036668 0.01217058
 0.01338163 0.01483799 0.00848964 0.01286123 0.01072252 0.01077275]
[0.23367786 0.01057899 0.0353283  0.1397642  0.03714353 0.01667088
 0.05074259 0.01178569 0.00677371 0.15487318 0.02108449 0.01948262]
[0.6302422  0.09462127 0.04969007 0.08649424 0.17942593 0.83907336
 0.09473798 0.05663604 0.34409946 0.04788512 0.05331713 0.03976739]
[0.35222518 0.03323818 0.03233559 0.0499681  0.06336948 0.03203009
 0.05758391 0.03594007 0.0329377  0.87365663 0.0340768  0.02982521]
[0.9389032  0.095557   0.00584818 0.06204788 0.0208619  0.03641007
 0.01620184 0.01179031 0.06121135 0.0305034  0.00620353 0.00935949]
[0.9693712  0.04174769 0.00785464 0.01649966 0.183272   0.03872448
 0.02180465 0.01949484 0.06574055 0.01177992 0.00587182 0.01531845]
[0.18280368 0.01456239 0.19597751 0.6376917  0.0110317  0.06691743
 0.04933313 0.06912402 0.2503559  0.01938485 0.02667869 0.02160683]
[0.769507   0.9455119  0.0078817  0.03956379 0.08729649 0.03564171
 0.0272797  0.02214737 0.13065673 0.01327945 0.0179104  0.02510555]
[0.89491045 0.02848458 0.01399385 0.01290151 0.65158075 0.04982851
 0.04101592 0.13533805 0.06779323 0.01461754 0.00677506 0.02617801]
[0.4771547  0.01356841 0.05088409 0.826908   0.00528817 0.04012848
 0.02747541 0.02430985 0.03976912 0.05725915 0.02814982 0.01483009]
[0.9655838  0.01697217 0.00761532 0.03028084 0.0712254  0.01799754
 0.04029859 0.00987705 0.02634765 0.0133967  0.00550272 0.01284086]
[0.97355086 0.04376977 0.00595328 0.07594396 0.03303371 0.02065283
 0.01461246 0.01357331 0.03673889 0.02020186 0.00617826 0.01014829]
[0.55860573 0.04760949 0.00740394 0.00922738 0.41037378 0.01341355
 0.04194367 0.00874882 0.01324501 0.00748576 0.00377111 0.01231204]
[0.9371393  0.01322608 0.00819713 0.01422756 0.24934156 0.02267111
 0.02662448 0.01723962 0.02470431 0.0103098  0.0052245  0.01276999]
[0.9757245  0.11015536 0.00639912 0.06341348 0.03731105 0.03492335
 0.01724371 0.01369774 0.0859694  0.01408638 0.00745507 0.01263824]
[0.8920419  0.04167125 0.01276428 0.05393664 0.14110142 0.03677973
 0.03108422 0.66706824 0.08320254 0.01998828 0.01079232 0.0238569 ]
[0.5526762  0.7650145  0.01725537 0.05741279 0.12867153 0.4693171
 0.04962189 0.02011899 0.3589493  0.01865595 0.01848384 0.03141197]
[0.60066664 0.02205004 0.02745554 0.01714272 0.55501384 0.23902303
 0.08271521 0.02772881 0.07484492 0.01270077 0.01146319 0.02580638]
[0.2180484  0.08825212 0.03505881 0.0860772  0.38385537 0.03132095
 0.06584413 0.01917133 0.01683343 0.03888072 0.03705841 0.10698836]
[0.8858587  0.02939873 0.01226028 0.0137777  0.7271994  0.04735909
 0.03189364 0.05026923 0.04426234 0.01288845 0.00733746 0.02459171]
[0.96879166 0.01330312 0.0085034  0.03783689 0.04757163 0.02539522
 0.02781697 0.01376333 0.04161636 0.01071543 0.00575784 0.01048958]
[0.9670137  0.02705275 0.00616994 0.02186504 0.10314392 0.02170703
 0.02080209 0.01028996 0.0343694  0.01064549 0.00510205 0.00991818]
[0.86972976 0.9527359  0.00949003 0.07023743 0.07490413 0.06822412
 0.02815621 0.04567418 0.22380285 0.01825722 0.01842105 0.0324791 ]
[0.9693495  0.01634821 0.00811012 0.05019276 0.03803229 0.02476233
 0.0259222  0.01412452 0.0418536  0.01035895 0.00441935 0.00984119]
[0.4867267  0.132629   0.02810941 0.61736697 0.01113128 0.02514389
 0.02237862 0.02621182 0.03678878 0.02336129 0.01171024 0.01406768]
[0.97419316 0.05387822 0.00593702 0.0360692  0.05103324 0.01942851
 0.01960224 0.01112031 0.04711226 0.0120416  0.00479952 0.01037835]
[0.9475921  0.04386945 0.00953885 0.12795377 0.04238282 0.02247996
 0.02002806 0.01741808 0.02763973 0.00412968 0.00401285 0.01099234]
[0.93370414 0.19292209 0.00418651 0.13146621 0.01936084 0.02953448
 0.0137676  0.03264555 0.07878301 0.01246587 0.00354381 0.00635199]
[0.9619443  0.09070694 0.01019057 0.02150031 0.30473873 0.11066266
 0.02556269 0.10921544 0.18063237 0.01836997 0.00697149 0.0225778 ]
[0.9697375  0.03971667 0.00707758 0.01896052 0.1309216  0.02493382
 0.02034233 0.01758813 0.04832627 0.01112612 0.00438156 0.01309308]
[0.48538768 0.94718635 0.008474   0.0529676  0.05109087 0.03129901
 0.02275478 0.0237273  0.11232607 0.01654094 0.01508317 0.01871811]
[0.8930964  0.6337334  0.00584177 0.01462442 0.13003343 0.03285644
 0.01893374 0.02791829 0.12674183 0.00739266 0.007197   0.0150573 ]
[0.96030194 0.18094185 0.00709148 0.04527747 0.08324929 0.07334936
 0.02278333 0.05338362 0.21756698 0.00994582 0.00398638 0.01175251]
[0.96781385 0.01693952 0.00818374 0.02908161 0.07433501 0.03087736
 0.03099951 0.02056769 0.04946727 0.00894119 0.00548419 0.01085738]
[0.9069037  0.02250781 0.01018559 0.0085439  0.5387357  0.03836894
 0.03289909 0.02691795 0.05437836 0.01266355 0.00519346 0.01715007]
[0.35555792 0.02712826 0.02176456 0.00748432 0.8910214  0.02956572
 0.07697849 0.03641109 0.02125573 0.01916713 0.01172042 0.03295119]
[0.42761293 0.9060053  0.01300878 0.01176391 0.6091826  0.05483796
 0.0470841  0.05109722 0.09641775 0.01691103 0.0246303  0.04491221]
[0.9500529  0.71245956 0.00798025 0.04601058 0.0784918  0.05057995
 0.02847548 0.02865555 0.20943438 0.01462946 0.00939173 0.0237252 ]
[0.9192959  0.8866622  0.01243665 0.11145458 0.16796945 0.1733484
 0.03357091 0.5440392  0.4723612  0.02973358 0.01546524 0.04312455]
[0.8308907  0.02228844 0.0095584  0.00729197 0.45381108 0.01794059
 0.04052179 0.0106194  0.02435103 0.0070602  0.00490765 0.01652322]
[0.28619996 0.01217985 0.4534817  0.19296868 0.04543398 0.04543547
 0.09617808 0.02577163 0.03499103 0.04966975 0.02530434 0.03905596]
[0.7574284  0.01692323 0.02244652 0.48596695 0.00769615 0.01569803
 0.02460184 0.01240158 0.02708579 0.00910848 0.00566868 0.00839759]
[0.5340636  0.038282   0.03686988 0.9441185  0.01436793 0.05074953
 0.03487108 0.08816285 0.04175331 0.04760654 0.02070232 0.02376049]
[0.37643093 0.03056383 0.03489394 0.23223025 0.01836261 0.02106924
 0.03073818 0.01108417 0.0267284  0.0567578  0.00622608 0.01116813]
[0.28601623 0.01463332 0.11246724 0.7175936  0.0088437  0.01973797
 0.02710402 0.0240384  0.01350375 0.09623027 0.06976492 0.02418509]
[0.9267672  0.01263555 0.0101683  0.1640802  0.07760801 0.02162081
 0.02073851 0.01179913 0.01341633 0.01594088 0.00805195 0.01819011]
[0.94625163 0.07858555 0.01314529 0.52481073 0.01640727 0.09232015
 0.0196861  0.03867448 0.12531051 0.01396747 0.00623997 0.01324218]
[0.27221844 0.11558879 0.03524327 0.05180513 0.06892135 0.03144566
 0.05800519 0.01061767 0.03949741 0.02063906 0.01044808 0.0211235 ]
[0.7300024  0.08262427 0.01355613 0.09742624 0.01686784 0.01440776
 0.02234926 0.00411902 0.02108513 0.00822476 0.00824938 0.01116772]
[0.9353297  0.26283866 0.01146033 0.19780032 0.01821687 0.09578387
 0.02410126 0.02122017 0.2930591  0.01562644 0.00966024 0.01418238]
[0.681876   0.94126284 0.01065197 0.04613853 0.05615647 0.06750722
 0.03250058 0.03600159 0.5087683  0.02013746 0.01408432 0.02266715]
[0.75426465 0.85082775 0.00642621 0.10764529 0.02295074 0.06716603
 0.01794537 0.02450184 0.15312418 0.01051248 0.01271051 0.01420287]
[0.5876948  0.9258052  0.00791735 0.04012104 0.0431525  0.05137514
 0.0252736  0.03117747 0.37556562 0.03671553 0.01294557 0.01541424]
[0.53369397 0.96303445 0.00967013 0.03596551 0.12440456 0.03986907
 0.02759822 0.03524611 0.11953537 0.01798401 0.01894706 0.02522178]
[0.76278746 0.00839851 0.01571622 0.01711696 0.36051315 0.01436332
 0.05590697 0.01114717 0.00974832 0.01001931 0.00501556 0.01752179]
[0.14543922 0.03692415 0.06535248 0.01092926 0.91245645 0.04131859
 0.12476681 0.03953385 0.02204842 0.02274856 0.02022086 0.06415023]
[0.76650476 0.9472246  0.00843843 0.04229519 0.06879221 0.04199234
 0.02874796 0.02754241 0.18651922 0.01195461 0.01374284 0.02255416]
[0.33930063 0.7399998  0.01086061 0.41880566 0.01397438 0.06063066
 0.02500084 0.22402816 0.12048152 0.0151766  0.01399577 0.01617367]
[0.23750053 0.9135588  0.01216133 0.0383875  0.05935792 0.0319688
 0.04096499 0.01992486 0.17489646 0.01678751 0.01185844 0.0181145 ]
[0.761294   0.84729666 0.00674827 0.02515881 0.08465654 0.02817609
 0.0329222  0.01120994 0.09414967 0.01350413 0.01299818 0.01813932]
[0.89053243 0.14598571 0.01642793 0.09439375 0.02401322 0.13617823
 0.03569326 0.05170381 0.7705249  0.01579434 0.01155154 0.01777602]
[0.966373   0.2950355  0.00664914 0.07559746 0.02929747 0.03808051
 0.01760845 0.03819657 0.0968428  0.05891646 0.0105219  0.01278791]
[0.19335255 0.9697487  0.01494002 0.09658041 0.05828806 0.04049773
 0.03928702 0.05267412 0.16402763 0.02068897 0.02912541 0.03067208]
[0.20698439 0.8897601  0.02290938 0.12545821 0.03765756 0.09867515
 0.05253467 0.06062794 0.7027457  0.0370497  0.02160452 0.03055735]
[0.9445917  0.6094998  0.00593844 0.10541154 0.04551268 0.0461309
 0.02227333 0.02503445 0.12441989 0.0100785  0.00762727 0.01702824]
[0.4316529  0.948453   0.01421018 0.06079942 0.04206799 0.07102934
 0.0479026  0.04293653 0.6221432  0.02507218 0.02075877 0.02625407]
[0.36649176 0.00426061 0.20910248 0.41944414 0.01560129 0.03250941
 0.09585393 0.01426894 0.03264822 0.03685227 0.02466259 0.02546328]
[0.7465192  0.13016772 0.04381226 0.14472595 0.2124183  0.83108515
 0.07677709 0.03618011 0.2508051  0.04221391 0.0564772  0.05135449]
[0.60882646 0.9530882  0.01066677 0.1988556  0.02717466 0.13646168
 0.0250166  0.07099862 0.48332733 0.01826368 0.02460863 0.02555967]
[0.9153373  0.06166534 0.00621959 0.02967634 0.04356969 0.01436163
 0.03258765 0.01443739 0.03165836 0.028215   0.00450405 0.0086427 ]
[0.20204847 0.84681666 0.01176846 0.06841911 0.02298733 0.03331979
 0.03099211 0.00997434 0.17921422 0.02831181 0.02204229 0.01727857]
[0.41821975 0.9698425  0.01006675 0.06363647 0.06661262 0.03895624
 0.02814778 0.04540354 0.148058   0.023902   0.01954831 0.02529509]
[0.63871986 0.8708636  0.00741643 0.07523819 0.03338985 0.05613525
 0.02719748 0.0768624  0.16654767 0.01222185 0.01400972 0.0175893 ]
[0.31085753 0.6100145  0.00930683 0.0182291  0.08132897 0.01289883
 0.03003397 0.00757882 0.03471294 0.01203188 0.00813007 0.01253877]
[0.33011544 0.95669    0.0094349  0.04756013 0.05707012 0.02855715
 0.0305129  0.03529432 0.11668453 0.01828677 0.01851038 0.02093926]
[0.83507323 0.9566237  0.01039967 0.17041838 0.0369527  0.13733561
 0.03295644 0.04126498 0.48123735 0.02699843 0.02338569 0.03452365]
[0.05941775 0.01353719 0.7245147  0.15531601 0.09251277 0.04405393
 0.12682164 0.03901412 0.03848696 0.05990535 0.0632551  0.06637026]
[0.13155791 0.00441711 0.23855942 0.7599846  0.03143871 0.02856093
 0.11779484 0.03824647 0.02321917 0.02659052 0.03178779 0.0504955 ]
[0.02629466 0.01431698 0.693734   0.22616543 0.10584458 0.05154768
 0.13072018 0.06315795 0.02921909 0.09379659 0.14288159 0.09313575]
[0.04480012 0.04834344 0.22406845 0.02279524 0.8236277  0.04803921
 0.17107236 0.04267833 0.02501911 0.03721264 0.0363125  0.09398143]
[0.71612126 0.02974824 0.02137692 0.40778995 0.00898312 0.05407539
 0.02512687 0.04246742 0.0945548  0.01634303 0.00829766 0.00875486]
[0.27700675 0.02492773 0.36815456 0.12685135 0.04116734 0.02060653
 0.0746887  0.01166804 0.0220355  0.0335567  0.02638252 0.03344461]
[0.04715852 0.00838453 0.66403234 0.2736091  0.05322933 0.03641852
 0.12302471 0.04947935 0.03223715 0.06656954 0.08215506 0.05873884]
[0.05301247 0.00796193 0.6596329  0.37651405 0.04424928 0.03429229
 0.10813916 0.05742982 0.0312595  0.06699957 0.0730023  0.05627827]
[0.03613575 0.01591687 0.7202369  0.23206411 0.08218664 0.05116469
 0.13089597 0.04744477 0.03672659 0.06703268 0.07846309 0.06915069]
[0.05614704 0.0204722  0.73214203 0.22810419 0.0914996  0.04985196
 0.13107231 0.04313546 0.03735893 0.04470494 0.0624116  0.07216153]
[0.10048489 0.00729382 0.32812172 0.1256586  0.06897765 0.03022986
 0.09183699 0.01640264 0.0161534  0.04677615 0.02384938 0.02922284]
[0.10649908 0.01847855 0.7388323  0.11124162 0.08027746 0.07489472
 0.12811719 0.05014965 0.0737913  0.08850778 0.06527851 0.0557452 ]
[0.14617933 0.01967224 0.69579875 0.09835202 0.08487254 0.05510355
 0.12360164 0.04680781 0.06979226 0.03081494 0.06325044 0.05591365]
[0.13551053 0.01251556 0.6589667  0.2325163  0.04393732 0.03477078
 0.09155791 0.03649469 0.03663385 0.05237595 0.05622202 0.04759875]
[0.06575531 0.01476518 0.6595249  0.05801921 0.1401375  0.03732494
 0.16590902 0.04525286 0.04139267 0.06181211 0.07128766 0.06850085]
[0.4234651  0.02913185 0.07562115 0.2815098  0.01264729 0.01501375
 0.04699235 0.00764143 0.02258321 0.01260608 0.01174101 0.0161863 ]
[0.5334606  0.01573961 0.02055966 0.03082644 0.0635341  0.00867565
 0.03516402 0.01218008 0.01362228 0.11505166 0.00639864 0.01147195]
[0.14509094 0.02288214 0.7383542  0.07841178 0.11992522 0.06821089
 0.14486142 0.0569561  0.08476545 0.03717135 0.06543399 0.06679906]
[0.8830677  0.03044859 0.02463667 0.2361438  0.0162195  0.01647079
 0.03295934 0.01758619 0.03463881 0.00440194 0.00407226 0.00873456]
[0.09504809 0.01080011 0.6036271  0.18810026 0.10371688 0.03000993
 0.11031935 0.0231382  0.02046269 0.04494576 0.05984519 0.0785009 ]
[0.08818876 0.00903663 0.5543519  0.66940993 0.02859908 0.03089112
 0.08197733 0.062336   0.03458533 0.03754849 0.04938751 0.04655254]
[0.0545431  0.04347696 0.08535329 0.71005005 0.0161132  0.03381289
 0.03916386 0.02456912 0.02400226 0.05303958 0.40950707 0.0535843 ]
[0.7929332  0.06475203 0.0139681  0.5748267  0.00781414 0.01999605
 0.0156721  0.01250839 0.02286058 0.01982262 0.00806949 0.00956786]
[0.5505238  0.03579536 0.04718547 0.9556276  0.01100403 0.04897851
 0.03913628 0.06855529 0.03614113 0.03112259 0.02615171 0.02837189]
[0.21158703 0.02242368 0.08567518 0.9359668  0.00919451 0.03006607
 0.04023101 0.05892243 0.02486164 0.0649543  0.04796352 0.0273864 ]
[0.20441616 0.90304685 0.01047716 0.19488719 0.02121418 0.02349181
 0.02604265 0.04100987 0.06326794 0.02536157 0.02624655 0.01837212]
[0.27397692 0.06225363 0.02609841 0.2552226  0.04236289 0.03612749
 0.03164135 0.85868406 0.09196825 0.03937121 0.02622087 0.02684139]
[0.13604748 0.01074767 0.11775772 0.89741373 0.01738065 0.0293994
 0.06049082 0.03637724 0.01807789 0.03615248 0.04409912 0.03750918]
[0.4875059  0.6546744  0.01954096 0.82304376 0.0072505  0.04586577
 0.03127233 0.04555727 0.11383887 0.02848641 0.02999846 0.02581309]
[0.09327136 0.01331486 0.13753046 0.87786883 0.01253397 0.02468438
 0.04765148 0.03312607 0.02039305 0.04232182 0.07271052 0.03186028]
[0.17183323 0.02896139 0.06577412 0.63332814 0.02097009 0.41600642
 0.04929565 0.02467975 0.08245915 0.06145293 0.1260929  0.02879501]
[0.15329303 0.02635047 0.08304927 0.9250393  0.00821726 0.04022455
 0.03899464 0.05377857 0.0428126  0.03060863 0.03788792 0.02403092]
[0.836851   0.042245   0.01882936 0.5717796  0.00877351 0.02761062
 0.02118431 0.01383816 0.02435792 0.01500062 0.00803761 0.0139645 ]
[0.1922413  0.74753743 0.00960376 0.30896303 0.01756277 0.01950485
 0.0199218  0.03494577 0.04471211 0.01222579 0.01857122 0.01460513]
[0.9701966  0.02482397 0.00636448 0.04587071 0.04600294 0.02721707
 0.02036318 0.01171658 0.0321997  0.00906609 0.00572388 0.01062289]
[0.4976718  0.01243159 0.04118747 0.88462424 0.01578061 0.02475707
 0.03034579 0.05207599 0.01952101 0.02134609 0.00961644 0.01832943]
[0.18947797 0.05562637 0.05744227 0.8819396  0.03902112 0.04574486
 0.04639072 0.04805664 0.03148773 0.03563652 0.07096645 0.06307565]
[0.22722118 0.01735109 0.05386277 0.913532   0.01445625 0.02453752
 0.03784581 0.04924852 0.01902797 0.03535617 0.02155718 0.02378846]
[0.70608294 0.06679741 0.01788683 0.8009179  0.00528923 0.05283806
 0.0307113  0.05835764 0.07940246 0.10204951 0.01159414 0.01232882]
[0.21852775 0.01282334 0.18661983 0.8876345  0.02061636 0.03033059
 0.04305319 0.03895618 0.01770081 0.02967175 0.02268753 0.03622037]
[0.4592263  0.9365248  0.00988184 0.0466047  0.05355161 0.02750587
 0.02540495 0.0220207  0.12026373 0.01874144 0.01376082 0.01605096]
[0.27092844 0.48884627 0.02926013 0.9108051  0.00733144 0.07226861
 0.02964079 0.08106421 0.10469777 0.02813721 0.03649355 0.02213663]
[0.5746895  0.01217289 0.02857652 0.8471116  0.01651827 0.01986244
 0.02460968 0.05107853 0.01575636 0.01789904 0.01124591 0.01809196]
[0.97821325 0.08014408 0.00736345 0.17750159 0.01984313 0.07266694
 0.01704238 0.02068203 0.13625972 0.01287117 0.00780571 0.01212516]
[0.64998204 0.03269729 0.02406024 0.82254994 0.00533677 0.02172188
 0.02167168 0.01841286 0.02914824 0.020549   0.01892901 0.01278269]
[0.33340335 0.07151612 0.03969765 0.94727844 0.00901397 0.04950286
 0.03083349 0.10322743 0.03913958 0.03225736 0.03204845 0.02393822]
[0.06757273 0.04427942 0.06130522 0.11955741 0.03566546 0.04098833
 0.03709346 0.02863036 0.03014606 0.06857767 0.78957534 0.04008564]
[0.9524646  0.07093776 0.00940489 0.5534132  0.00939824 0.04894979
 0.01843787 0.02197361 0.0881369  0.01046091 0.00845688 0.01083139]
[0.6658232  0.15609442 0.02255441 0.8852518  0.00567079 0.04592763
 0.026191   0.03156459 0.05251474 0.03267143 0.0167726  0.01810224]
[0.2346718  0.02265734 0.021288   0.17993976 0.01221298 0.00901238
 0.08804205 0.05748671 0.02096649 0.02320355 0.00716379 0.01185031]
[0.95416504 0.01804908 0.00893843 0.15986717 0.01454398 0.01754311
 0.02664933 0.00778898 0.02444508 0.02652946 0.00665677 0.01006815]
[0.8374741  0.00801964 0.03221604 0.310191   0.01263633 0.01333864
 0.06049006 0.00827622 0.01638625 0.01734701 0.00957209 0.01679001]
[0.35594946 0.04111529 0.02224863 0.77180326 0.0077644  0.01663744
 0.02151477 0.0248566  0.0194265  0.04684236 0.01244952 0.01213818]
[0.12987112 0.00471112 0.17531869 0.32728288 0.06980815 0.01421296
 0.18746082 0.02444912 0.01419733 0.01966418 0.01740849 0.03901291]
[0.39848703 0.04013322 0.04692659 0.9375562  0.00581346 0.04596635
 0.0389867  0.04696237 0.05795943 0.03000227 0.02575584 0.02069384]
[0.477778   0.01200888 0.05866475 0.86403847 0.00576509 0.0270349
 0.04052142 0.01479607 0.03236467 0.02733698 0.0272853  0.02028557]
[0.33780828 0.02241776 0.08407982 0.9419072  0.00622723 0.03265982
 0.03282581 0.0456509  0.03761615 0.0504842  0.04387403 0.02508601]
[0.2928954  0.03221595 0.14552067 0.9443434  0.00869499 0.0321972
 0.04387211 0.03711897 0.03616264 0.06592797 0.028202   0.03218349]
[0.8387371  0.01466659 0.01261222 0.26837587 0.01003773 0.03157075
 0.02912887 0.01434257 0.0288625  0.0546694  0.00770626 0.00938267]
[0.0865366  0.00964686 0.43921822 0.37722713 0.03060157 0.02347292
 0.06343426 0.0244391  0.02331211 0.05599649 0.03214647 0.03480945]
[0.12406928 0.0112233  0.17408636 0.8497463  0.01764284 0.02443841
 0.0590902  0.02953693 0.02021518 0.02231462 0.05422889 0.03883092]
[0.8564296  0.01384898 0.0243457  0.12985398 0.02889693 0.0248135
 0.03344903 0.01856964 0.04147887 0.01787799 0.003674   0.01022507]
[0.4166948  0.02301439 0.05177534 0.9373081  0.0120635  0.02679679
 0.03634018 0.04235929 0.02268745 0.03943956 0.02945368 0.02786098]
[0.8427495  0.00581731 0.01668584 0.18902063 0.05001265 0.01023064
 0.03180273 0.02772574 0.01063433 0.00897988 0.00453252 0.01376148]
[0.45086172 0.01358448 0.04667328 0.89520365 0.01233956 0.01713883
 0.04425073 0.03955624 0.01994251 0.02416256 0.01523286 0.02358783]
[0.3843742  0.01791672 0.06869546 0.9124559  0.01131096 0.02189855
 0.03657125 0.02794958 0.0215325  0.03058564 0.01995739 0.02598681]
[0.33667934 0.02178886 0.06499646 0.93480635 0.00989926 0.02833251
 0.04268101 0.03379219 0.02785337 0.04061998 0.03653372 0.03028822]
[0.84805    0.01057827 0.01233492 0.01501899 0.47947863 0.01543473
 0.04272924 0.01106937 0.01206827 0.01164828 0.00528692 0.01998814]
[0.11974468 0.12108097 0.03760325 0.01052797 0.9416919  0.05965253
 0.0939898  0.05518995 0.03589494 0.03256679 0.0409149  0.07541313]
[0.09474149 0.05443899 0.04502825 0.01003274 0.924068   0.04085455
 0.09331151 0.03826814 0.02214404 0.03607832 0.02856082 0.05181341]
[0.24436435 0.01784408 0.09732509 0.17927055 0.03490923 0.0168525
 0.08930454 0.00624435 0.01486526 0.14422865 0.02672168 0.04752539]
[0.12625562 0.0770011  0.03451087 0.00836824 0.9276628  0.04001591
 0.07399057 0.03980252 0.02781931 0.02961288 0.02681313 0.04900562]
[0.94438    0.04146452 0.00578263 0.0213747  0.1857897  0.06977157
 0.02065047 0.02437847 0.07276323 0.01113295 0.00452213 0.01022971]
[0.5769199  0.03033165 0.01673138 0.00723412 0.86361396 0.0292572
 0.04932782 0.02459024 0.02090975 0.01681151 0.01009351 0.02809799]
[0.25435397 0.06955159 0.02786947 0.00941758 0.9308368  0.05265726
 0.06401513 0.04019929 0.02734714 0.02818768 0.02619748 0.05511174]
[0.29303634 0.03869286 0.02987174 0.00822875 0.669108   0.05607674
 0.04709172 0.04896767 0.11971182 0.01088016 0.00760358 0.02682081]
[0.8478067  0.83938146 0.0104683  0.258865   0.06717454 0.14552848
 0.02562991 0.11121892 0.4932511  0.01542605 0.01148927 0.02841492]
[0.07748204 0.06485562 0.04330714 0.01099794 0.9165899  0.04040859
 0.08347794 0.04850223 0.02371687 0.03762976 0.03399036 0.05214802]
[0.66571623 0.11935593 0.01492947 0.16435528 0.03539152 0.10395563
 0.02141221 0.02408406 0.07549989 0.07750528 0.00862104 0.01321752]
[0.7529586  0.00460571 0.0131925  0.21358445 0.05773671 0.01415203
 0.02620618 0.02056548 0.00835436 0.0087869  0.00532839 0.01314916]
[0.18162122 0.01069885 0.03502275 0.02406295 0.54770833 0.01768092
 0.11574446 0.10776403 0.01631367 0.01895667 0.00962956 0.03168266]
[0.7969425  0.03493135 0.0168936  0.02691301 0.09348138 0.09148852
 0.0396779  0.04069651 0.50074494 0.00897543 0.00447211 0.01364196]
[0.70533246 0.02307356 0.01089537 0.01184142 0.21522999 0.01468833
 0.15244219 0.0150715  0.02281128 0.01601399 0.00389319 0.0132819 ]
[0.11102747 0.04477876 0.03872225 0.00989475 0.9119525  0.03458153
 0.08776244 0.03525573 0.01996751 0.03135876 0.02586214 0.04590791]
[0.12189673 0.05037665 0.03811385 0.00852168 0.9121958  0.03336463
 0.07785212 0.03387502 0.02017258 0.02707744 0.02146483 0.04440216]
[0.6623891  0.1451583  0.03649225 0.0132203  0.8742571  0.31737557
 0.10394154 0.07035465 0.1202571  0.03094991 0.03690781 0.08198598]
[0.10834045 0.0641352  0.03647569 0.00965731 0.92411757 0.04180034
 0.09214009 0.03339825 0.02351262 0.03308131 0.03083039 0.05698256]
[0.6314095  0.97187096 0.00993477 0.08069143 0.05640348 0.07888909
 0.03029569 0.02947493 0.24448669 0.01401604 0.02485591 0.03001202]
[0.94650704 0.03697715 0.00663451 0.05955113 0.05148907 0.02847056
 0.01940709 0.01229006 0.03792364 0.02185183 0.00304669 0.01028249]
[0.26224622 0.10433888 0.02788998 0.00648875 0.9282435  0.0522539
 0.10283294 0.03412849 0.03559912 0.02365733 0.02204975 0.05433864]
[0.56292796 0.0268199  0.0149136  0.00725978 0.81170475 0.02205823
 0.04858213 0.01439557 0.01587074 0.01374381 0.00853823 0.02567649]
[0.11438859 0.02195312 0.08026504 0.02040522 0.8572704  0.03627076
 0.121255   0.03162036 0.01679207 0.01775672 0.02059547 0.06644305]
[0.85440475 0.013187   0.01252727 0.0087234  0.5746225  0.02670172
 0.04317745 0.02019806 0.02768834 0.01156264 0.00624688 0.01681622]
[0.4263634  0.00692778 0.21653078 0.2370667  0.06812606 0.01871822
 0.07281158 0.02082583 0.01651705 0.06190641 0.01235972 0.02916882]
[0.66815245 0.01594306 0.01229542 0.04084443 0.09436025 0.01273115
 0.03868922 0.00818516 0.0067775  0.01221911 0.00612117 0.01442094]
[0.18241581 0.76238215 0.01935478 0.01444652 0.47688177 0.02499237
 0.04476655 0.02744632 0.03939299 0.01294773 0.01894816 0.0355228 ]
[0.11027796 0.0454853  0.06037885 0.01162718 0.8982994  0.03988399
 0.11054408 0.03987857 0.02405713 0.02510586 0.01944912 0.05224413]
[0.67700994 0.01980047 0.01822113 0.29399496 0.17257896 0.02494685
 0.02378633 0.02786662 0.01353605 0.00640335 0.00439376 0.02226359]
[0.11838143 0.12971176 0.01842999 0.06040314 0.15678835 0.01582367
 0.03717469 0.01066152 0.01378706 0.01362395 0.01350015 0.0280528 ]
[0.0765597  0.05738123 0.04497675 0.00764578 0.89418644 0.03449757
 0.15853305 0.03357429 0.02153811 0.03794868 0.02778234 0.05722499]
[0.3640925  0.0699579  0.04591486 0.14010787 0.16175294 0.8044061
 0.06610223 0.03457878 0.23274313 0.04207575 0.04506084 0.04005684]
[0.47619113 0.04441277 0.03719954 0.12866776 0.09979296 0.7564767
 0.06028412 0.03029204 0.18800154 0.03583884 0.0437386  0.02643615]
[0.20740467 0.01722472 0.04458943 0.03843453 0.5676118  0.03801128
 0.06326652 0.05466201 0.02380116 0.02071965 0.00892121 0.03464394]
[0.7434618  0.09924965 0.04353464 0.1245489  0.20941348 0.86006564
 0.08022917 0.08876665 0.35136798 0.04339971 0.04483499 0.04432843]
[0.5156618  0.09736335 0.0491313  0.12067403 0.27351898 0.8324477
 0.07408938 0.05183478 0.23325697 0.0374402  0.05525735 0.04780741]
[0.49099624 0.02109339 0.0496961  0.05895895 0.17161432 0.6942186
 0.09251349 0.02710311 0.1989341  0.04131805 0.03646912 0.02952904]
[0.38305354 0.06155024 0.04412546 0.17256577 0.11087712 0.82131165
 0.06852867 0.05708123 0.22050488 0.04072755 0.05216794 0.03339618]
[0.1291838  0.06638983 0.07808927 0.04684415 0.1145165  0.04363708
 0.75143737 0.02692069 0.06742739 0.04972388 0.04661873 0.07191314]
[0.06041608 0.02478418 0.12240639 0.06695589 0.10450163 0.0427045
 0.70352256 0.03634679 0.03724923 0.10488535 0.07199561 0.0705925 ]
[0.89849055 0.0318991  0.00898943 0.01978057 0.04423682 0.015403
 0.09642889 0.01205655 0.04091983 0.01058543 0.00424055 0.01143257]
[0.61426175 0.01461541 0.01369585 0.00691285 0.46377036 0.01637063
 0.06932451 0.01161022 0.01500803 0.01149309 0.00526011 0.01552816]
[0.11044927 0.10783709 0.03966761 0.09947682 0.02912543 0.03082942
 0.41704035 0.01539836 0.03690375 0.09057561 0.03245644 0.02777416]
[0.07807382 0.0754202  0.07322721 0.05999086 0.09839088 0.0504557
 0.56688464 0.04108959 0.04918466 0.52833265 0.05709929 0.06356358]
[0.74844664 0.02330917 0.01247284 0.06222581 0.04273257 0.02014902
 0.03753645 0.01448444 0.02434644 0.57410336 0.01677074 0.0178283 ]
[0.18332992 0.07117614 0.06978825 0.04373461 0.11788238 0.04311402
 0.7471438  0.0300287  0.06560947 0.03994969 0.03558586 0.06389359]
[0.70088387 0.00570925 0.02510863 0.01876774 0.22076577 0.01559504
 0.20961379 0.01345059 0.01694604 0.01707649 0.00716041 0.02623679]
[0.9125403  0.01570513 0.01194623 0.41438124 0.01462671 0.012715
 0.0219219  0.01830576 0.01766346 0.01340335 0.00533272 0.0103769 ]
[0.03814116 0.01230575 0.20141146 0.3644355  0.07956252 0.03275011
 0.13203701 0.2695872  0.02712973 0.03168941 0.03373886 0.04478314]
[0.95365536 0.0106003  0.01267167 0.04578888 0.04576255 0.01719473
 0.05011163 0.00980727 0.02480959 0.01287615 0.00585688 0.01163643]
[0.96408844 0.03637649 0.00939428 0.07005367 0.03472894 0.02835714
 0.03621248 0.01632027 0.05546964 0.00976388 0.00424924 0.009647  ]
[0.8980508  0.5652462  0.01330707 0.08034796 0.20072936 0.09276611
 0.03435756 0.77803415 0.2535122  0.02998114 0.01227167 0.04019927]
[0.12410289 0.03319337 0.09427539 0.05050212 0.11857624 0.03656594
 0.7452624  0.03824842 0.04645065 0.04981011 0.03447081 0.06182693]
[0.08324941 0.02902969 0.09060751 0.01528273 0.77604926 0.03298205
 0.17558114 0.02163291 0.0179733  0.04408771 0.02355665 0.05896842]
[0.35706824 0.00707377 0.02540658 0.02405416 0.3800687  0.01727971
 0.10627944 0.01235117 0.00753549 0.0515972  0.01100258 0.02873413]
[0.6644028  0.09126645 0.02711274 0.04286987 0.17190927 0.7010744
 0.06126599 0.02421569 0.25290763 0.03812624 0.03554926 0.02907252]
[0.50490814 0.06481341 0.0299007  0.680035   0.02144832 0.09906501
 0.03532613 0.62291515 0.11353707 0.4059755  0.02023531 0.02603063]
[0.88338786 0.11091652 0.02700637 0.13391587 0.15453468 0.11821929
 0.0530748  0.9165013  0.27985558 0.0342012  0.01844374 0.04483324]
[0.68886894 0.04355511 0.02437765 0.08254065 0.12826432 0.04143976
 0.04280204 0.87415296 0.11313822 0.02729178 0.01505523 0.03272502]
[0.42033392 0.06915288 0.03652863 0.12201934 0.10712178 0.04924497
 0.05660056 0.92432976 0.14537667 0.03231002 0.02314677 0.03987644]
[0.05593561 0.08145104 0.06140115 0.16938064 0.05737613 0.03453038
 0.06895643 0.6841548  0.06834997 0.03673245 0.02981504 0.0312916 ]
[0.3434618  0.18158622 0.02614796 0.18456581 0.02356135 0.1581941
 0.04521676 0.40173593 0.7513149  0.03558156 0.01823122 0.01867843]
[0.327752   0.1111284  0.02082301 0.3457119  0.0283238  0.03582044
 0.03052746 0.72948277 0.07531657 0.01948883 0.01400997 0.01963752]
[0.13265376 0.37304834 0.03124067 0.32572496 0.01232707 0.2652606
 0.03656483 0.04371205 0.6007455  0.0206691  0.03194519 0.01760074]
[0.61922824 0.9789702  0.02502696 0.12087931 0.15387553 0.4604494
 0.06136032 0.12240999 0.61778814 0.05206518 0.04636513 0.07296698]
[0.3458208  0.1137204  0.02979772 0.3382702  0.04762302 0.05991496
 0.04746662 0.8664705  0.12569524 0.02589395 0.01544034 0.02924213]
[0.33017787 0.47507015 0.02975318 0.09886097 0.09529846 0.09096149
 0.07004958 0.88404876 0.26236314 0.022369   0.02421263 0.03943528]
[0.39221728 0.09097951 0.03494263 0.13319094 0.10272829 0.06908834
 0.0639559  0.92773587 0.17265692 0.02877021 0.0238382  0.041735  ]
[0.21038929 0.06636744 0.03736981 0.9266396  0.01136287 0.03655234
 0.02785883 0.09015198 0.03685459 0.02999163 0.03026649 0.02079301]
[0.2647843  0.04649925 0.03132188 0.06448589 0.09775408 0.03623088
 0.06238876 0.8101929  0.09259096 0.02758281 0.0233565  0.03060425]
[0.30155465 0.9390251  0.01038702 0.1301725  0.036422   0.04360909
 0.03168661 0.16702813 0.15375862 0.01930597 0.01700952 0.02069663]
[0.7425977  0.01110118 0.1690887  0.07089981 0.03782988 0.01692849
 0.06183632 0.0240648  0.02993504 0.02723903 0.01635339 0.01897293]
[0.18251276 0.765858   0.00849522 0.14853151 0.01745473 0.01956375
 0.01627968 0.01916459 0.0460972  0.02134996 0.02242739 0.01327306]
[0.2812225  0.02489704 0.0473696  0.910805   0.01030589 0.0400447
 0.03520994 0.27647072 0.04424756 0.02869805 0.02449467 0.02342313]
[0.6596316  0.08865307 0.0319871  0.04679149 0.0376751  0.12704755
 0.06079936 0.03837974 0.8270024  0.02697524 0.01776201 0.02192923]
[0.61376685 0.09564923 0.03312544 0.07743116 0.03008967 0.17071013
 0.057814   0.04237594 0.8490183  0.0234933  0.01709278 0.020943  ]
[0.5606564  0.9652525  0.0252877  0.12590112 0.06548868 0.19402893
 0.06073838 0.09321749 0.8556287  0.04891685 0.03400289 0.05278036]
[0.30633312 0.08194257 0.0444324  0.05289624 0.02525759 0.10863005
 0.06349319 0.03331004 0.7552904  0.03615517 0.02879153 0.02019845]
[0.22519048 0.38601032 0.03021543 0.04579696 0.03391435 0.11608467
 0.05198852 0.03110053 0.7691529  0.03472964 0.02459918 0.02222408]
[0.74436593 0.05250106 0.0305008  0.06614188 0.0257646  0.09946511
 0.06104401 0.03234012 0.7277245  0.0210013  0.01078297 0.01778943]
[0.47848043 0.02473023 0.01917659 0.04141142 0.67034495 0.03693288
 0.04245645 0.06332624 0.01329209 0.01369618 0.00932424 0.03249324]
[0.7439841  0.90123576 0.02320814 0.32148802 0.03766386 0.25650224
 0.0684956  0.11393247 0.8762772  0.04458465 0.02932731 0.05254543]
[0.21613194 0.19954018 0.02470129 0.1384358  0.01474716 0.17418505
 0.04377074 0.05719475 0.7253154  0.02216034 0.02071456 0.01438196]
[0.91851246 0.8363821  0.00704226 0.07934951 0.0485613  0.05523763
 0.02240167 0.02878837 0.22586043 0.01445396 0.00936199 0.01670333]
[0.08033516 0.22664489 0.03426176 0.12338125 0.04494554 0.04957831
 0.02827684 0.02874922 0.03955571 0.07625034 0.7946602  0.04242225]
[0.97314733 0.07707934 0.0059991  0.0400671  0.03666994 0.04075446
 0.017798   0.02123264 0.14003898 0.01492736 0.00602432 0.00988119]
[0.30514497 0.5112225  0.02576909 0.17783965 0.03101439 0.13170879
 0.04761836 0.2154151  0.6371278  0.01966373 0.01191687 0.02043919]
[0.9129166  0.02237266 0.01394788 0.11388309 0.0362403  0.02711621
 0.01890869 0.01423488 0.02817217 0.0056995  0.00511515 0.00863354]
[0.03109263 0.02484982 0.67337656 0.18310684 0.15269266 0.06432568
 0.15372624 0.05707665 0.03439013 0.03794198 0.10195621 0.08905147]
[0.4898532  0.7980498  0.02068126 0.05360509 0.03708974 0.09783782
 0.04654206 0.07666083 0.73894423 0.03041413 0.01895638 0.02515881]
[0.09344807 0.08288588 0.10292114 0.09238853 0.04085042 0.09017721
 0.09756652 0.17006151 0.3860418  0.0406822  0.03602817 0.02708718]
[0.8923583  0.29307574 0.00695914 0.06133158 0.03889993 0.06300126
 0.02114275 0.20141207 0.13473442 0.01953585 0.00644902 0.01201176]
[0.24862207 0.09106025 0.04957783 0.05881635 0.02307537 0.13621674
 0.06951188 0.02612116 0.749342   0.03621016 0.03194806 0.02100733]
[0.66459024 0.96678203 0.01412616 0.17457561 0.03401457 0.11220045
 0.03433628 0.06316356 0.6427394  0.02771719 0.02303956 0.03243768]
[0.42995656 0.2435423  0.02431193 0.03441157 0.02460849 0.07997155
 0.03993283 0.01876633 0.70588183 0.02461812 0.0203706  0.01639643]
[0.952474   0.3063969  0.01111198 0.08383675 0.02779627 0.04147753
 0.01569661 0.02528443 0.10232847 0.02255139 0.00914309 0.01194194]
[0.81635964 0.03736363 0.01491563 0.02374192 0.04430046 0.04914945
 0.04738005 0.02660987 0.44133383 0.00813427 0.00644719 0.0119875 ]
[0.54609025 0.43229863 0.02267976 0.819061   0.006734   0.24700803
 0.02189633 0.07075473 0.40644804 0.01855022 0.03660843 0.02044482]
[0.5293306  0.05736919 0.01406736 0.01894169 0.29904845 0.01572632
 0.04639096 0.01565215 0.03507312 0.00589862 0.00514452 0.0185954 ]
[0.5396842  0.05821223 0.02515879 0.09181476 0.04276928 0.03589427
 0.05478996 0.03837439 0.04410174 0.8822745  0.0275278  0.02696748]
[0.34849912 0.05103436 0.03494268 0.165735   0.03393316 0.03537297
 0.0524426  0.03510063 0.03588862 0.88492244 0.03490648 0.03411897]
[0.2181103  0.04597846 0.03995003 0.06437219 0.04818045 0.02961761
 0.5288369  0.01285321 0.0353245  0.07778078 0.04500887 0.0532351 ]
[0.3619504  0.0157681  0.02401869 0.51016426 0.01497706 0.02177658
 0.03406762 0.06019402 0.01761519 0.08289643 0.01028537 0.01696687]
[0.1269452  0.0961526  0.09390277 0.08540087 0.08169521 0.0744096
 0.7937185  0.05044974 0.1100542  0.09896401 0.05169882 0.06816491]
[0.09298571 0.07294672 0.07460058 0.04958216 0.17354228 0.04233736
 0.76270294 0.04762493 0.05401357 0.07747104 0.03989139 0.06953804]
[0.2729852  0.03636539 0.0376085  0.06349971 0.06274193 0.03221017
 0.06060564 0.04031894 0.03000608 0.88851285 0.03725176 0.03008717]
[0.8191084  0.02607581 0.01073884 0.1073332  0.02894856 0.02011209
 0.02901737 0.01485668 0.0232851  0.4790283  0.01705123 0.01636575]
[0.2581487  0.14541748 0.02832768 0.05693033 0.05080928 0.03163025
 0.0516103  0.03602053 0.04075492 0.86732286 0.02988609 0.02888515]
[0.18321402 0.03884107 0.04852712 0.08266177 0.04777997 0.03323564
 0.0679486  0.03870478 0.03090337 0.9075117  0.05379098 0.03523439]
[0.09348854 0.05650056 0.05898782 0.02962779 0.47694957 0.05637952
 0.11151809 0.11581881 0.02903197 0.28259516 0.02555278 0.06575733]
[0.7355527  0.01865384 0.01381536 0.08358506 0.04836641 0.01720145
 0.03509037 0.01522884 0.01956805 0.47039464 0.01189826 0.01843316]
[0.25728476 0.05505285 0.03454017 0.02580502 0.14280266 0.02496846
 0.4461994  0.01160212 0.02902646 0.03074411 0.01571884 0.0417342 ]
[0.15283582 0.01155698 0.06057124 0.0691276  0.0704906  0.03179038
 0.07886268 0.02954013 0.01952886 0.7597101  0.03617586 0.03213461]
[0.1965722  0.00967313 0.12985526 0.21049099 0.0272126  0.01984034
 0.09230236 0.0120105  0.01649669 0.51188844 0.02449243 0.03627908]
[0.21246457 0.05096662 0.04434599 0.08945242 0.0332563  0.02597777
 0.05041808 0.00983838 0.02038574 0.54715955 0.01946892 0.02434061]
[0.65872884 0.07079167 0.02015818 0.23124889 0.02109738 0.04728331
 0.03902515 0.04317119 0.06099787 0.81080437 0.03063733 0.02537899]
[0.25090277 0.02410801 0.03741783 0.05168823 0.05346508 0.02209974
 0.061278   0.03301568 0.02400997 0.8275374  0.03646736 0.02705396]
[0.28006577 0.02919546 0.04033785 0.04619038 0.0536717  0.02599683
 0.05958129 0.02849858 0.02995626 0.8618593  0.03958752 0.03110643]
[0.47468325 0.03929857 0.01983317 0.06338509 0.03168771 0.02348823
 0.03535496 0.02690583 0.02616417 0.7628157  0.02086746 0.01887651]
[0.21043517 0.01197049 0.18048659 0.10800912 0.05295591 0.03595537
 0.10651118 0.04012054 0.04136259 0.84033257 0.04875521 0.04134322]
[0.27041546 0.02865708 0.02596726 0.80311245 0.0113555  0.01951915
 0.02215194 0.0273286  0.01756109 0.05980998 0.03973778 0.02215802]
[0.06970184 0.03736807 0.06999583 0.19398382 0.02819973 0.03707875
 0.03468021 0.02649509 0.02540521 0.0816332  0.7658932  0.03959384]
[0.09489733 0.02905881 0.06425497 0.31729788 0.01761631 0.02215205
 0.02990792 0.01870897 0.01982067 0.06795405 0.6345703  0.03645714]
[0.53639793 0.03815096 0.03737798 0.8820332  0.00479695 0.02248275
 0.03047915 0.03126587 0.03889864 0.03573152 0.0200247  0.01934947]
[0.07274864 0.07948608 0.05301321 0.07340892 0.04343123 0.03970463
 0.04015141 0.02501179 0.03253294 0.06269199 0.79634047 0.04228069]
[0.07332668 0.03251891 0.03238638 0.03145163 0.11362579 0.02265198
 0.03194822 0.01610608 0.01455069 0.06375326 0.3959479  0.02766694]
[0.05562143 0.03632408 0.06942397 0.41968673 0.02277533 0.02805596
 0.03060829 0.03249558 0.02205974 0.07023636 0.6686336  0.04180347]
[0.07015839 0.05683101 0.05344854 0.33455512 0.01991195 0.03339354
 0.02931845 0.02637308 0.02910049 0.03663636 0.6365343  0.03821195]
[0.07056141 0.06196011 0.06188792 0.10198617 0.03929841 0.04522554
 0.03692497 0.02796441 0.03255343 0.07960548 0.82344705 0.04246743]
[0.08526486 0.05862451 0.05719107 0.07722623 0.04877988 0.03986135
 0.04243525 0.03200959 0.03539554 0.05564391 0.8272663  0.04551666]
[0.069723   0.07991634 0.05758082 0.08977449 0.03924107 0.04321849
 0.04316798 0.02891843 0.03834388 0.05984244 0.8372539  0.04530307]
[0.13874291 0.7170509  0.01746052 0.29676765 0.01580362 0.03173694
 0.01969954 0.02537879 0.04650763 0.03188451 0.29686144 0.0297485 ]
[0.06296517 0.05493125 0.08581692 0.13416238 0.03640535 0.04308959
 0.04623457 0.0288262  0.031991   0.0698972  0.83202684 0.05057921]
[0.08089127 0.16552043 0.04145575 0.15034704 0.03004505 0.03780273
 0.03008944 0.02794448 0.03355569 0.08201361 0.8013784  0.04478103]
[0.07787235 0.06661168 0.05589818 0.10541887 0.0424046  0.03754008
 0.04076745 0.02968647 0.03477065 0.0741683  0.8339538  0.04792409]
[0.07498865 0.06712078 0.06320008 0.05981086 0.05288402 0.04409924
 0.04867331 0.02875286 0.03930265 0.06158796 0.832746   0.04717583]
[0.0711669  0.07143027 0.05636436 0.07504322 0.04849656 0.03838951
 0.04580264 0.02734373 0.03514493 0.06822374 0.831319   0.04899853]
[0.07880169 0.06830753 0.06216924 0.0594829  0.05649213 0.04390821
 0.05275125 0.0317282  0.04081346 0.05974419 0.83693975 0.04940085]
[0.06815205 0.06739131 0.07678816 0.09336595 0.04815627 0.04609814
 0.04499928 0.03551125 0.03777808 0.04058562 0.8187174  0.04404325]
[0.1290918  0.03604178 0.0709926  0.05825642 0.5262685  0.02697226
 0.11666083 0.0167762  0.01255212 0.07505256 0.07025987 0.14809224]
[0.6625168  0.02321681 0.02681852 0.12783277 0.08675782 0.04088374
 0.02780766 0.01196798 0.02812597 0.08204776 0.01778146 0.02887852]
[0.4546389  0.00593769 0.02759396 0.02201316 0.1979     0.01054044
 0.17547184 0.01805454 0.00955148 0.02247154 0.007751   0.02992414]
[0.32715318 0.4083651  0.0151463  0.15577692 0.01740433 0.01129273
 0.06521663 0.02221462 0.0326273  0.01082926 0.00771343 0.01512085]
[0.57323486 0.31172302 0.01552409 0.1871154  0.04852631 0.10343397
 0.03692311 0.85187656 0.2371547  0.0206542  0.01544083 0.02351874]
[0.2495963  0.04077458 0.02945419 0.09227663 0.0808328  0.03376172
 0.04983795 0.80984396 0.0722407  0.03877154 0.02114601 0.02951431]
[0.10918081 0.00366671 0.08416386 0.07107212 0.20737477 0.01510534
 0.10160927 0.04622624 0.00771683 0.04009263 0.02006215 0.03761445]
[0.42827517 0.2557785  0.01729967 0.01158847 0.846775   0.04545683
 0.06554316 0.04059401 0.03090506 0.01742824 0.02199404 0.07052202]
[0.1743961  0.17197618 0.13328362 0.15737846 0.36216637 0.09472379
 0.19842714 0.02054164 0.0432616  0.05693873 0.12755474 0.284616  ]
[0.932505   0.02097233 0.01897056 0.0178708  0.31361938 0.04277552
 0.04131653 0.01416673 0.0376994  0.01166036 0.01089589 0.03531366]
[0.8079355  0.11391781 0.00538273 0.01288942 0.29398298 0.02165747
 0.0156825  0.0296471  0.02670926 0.01405759 0.00376654 0.01185928]
[0.2918222  0.02041521 0.06357669 0.1227837  0.10170078 0.70743
 0.08070247 0.02693163 0.18313187 0.03375816 0.0509736  0.03121533]
[0.22140704 0.07863513 0.03977092 0.00739453 0.9131893  0.04443667
 0.09475817 0.04446094 0.03549106 0.01587138 0.018938   0.05594834]
[0.3754877  0.02051179 0.05185698 0.05505585 0.06970424 0.02595357
 0.6251921  0.01926679 0.03410675 0.05832651 0.02261196 0.04571695]
[0.09358683 0.03230535 0.06358767 0.7757174  0.00894966 0.02851558
 0.03513193 0.0365421  0.02851946 0.03306511 0.23341419 0.0275264 ]
[0.798343   0.00893195 0.01450167 0.04984701 0.19168977 0.01728697
 0.06300338 0.01554136 0.01707521 0.00525541 0.00465797 0.01824727]
[0.91244197 0.01169746 0.00842517 0.03420746 0.09620155 0.013282
 0.02295724 0.01900642 0.01371701 0.01159748 0.00399278 0.00960221]
[0.18511175 0.02100561 0.02610986 0.01033084 0.85559916 0.02452253
 0.06494688 0.02304181 0.01237896 0.02799505 0.0151538  0.03431104]
[0.9054528  0.08590426 0.00420202 0.06274842 0.02883537 0.0187185
 0.0179176  0.01486628 0.02953266 0.00803533 0.00436479 0.00842031]
[0.7826305  0.8488432  0.00541562 0.01908082 0.17495985 0.03213559
 0.02630961 0.02443949 0.07766635 0.01784432 0.01349579 0.02122552]
[0.95549536 0.15527847 0.00677651 0.08326871 0.03262569 0.02888436
 0.01545452 0.01161139 0.04533089 0.01372047 0.00497671 0.01285257]
[0.9135795  0.01835478 0.01335585 0.4937404  0.01138444 0.02823306
 0.01824085 0.02424262 0.03118082 0.02555615 0.00562945 0.0088907 ]
[0.46451563 0.00584296 0.08891871 0.82116914 0.01937987 0.01790308
 0.05957094 0.02179568 0.01279173 0.02752892 0.01319754 0.02514137]
[0.9415257  0.14004654 0.00734734 0.0335325  0.04320562 0.0218605
 0.022623   0.01726621 0.05643272 0.01195612 0.00395377 0.00791654]
[0.8355523  0.01724124 0.01235905 0.00819833 0.6667648  0.02437485
 0.04153277 0.01640303 0.02176625 0.01276685 0.00599566 0.02095245]
[0.7684961  0.7702972  0.006476   0.03300475 0.05106466 0.02457154
 0.02291046 0.00957781 0.08815703 0.00918246 0.0093235  0.01474184]
[0.61531955 0.18382557 0.00692504 0.01361631 0.44351524 0.02974735
 0.02881417 0.03344485 0.02669374 0.01243025 0.00927689 0.02379057]
[0.23287527 0.0453124  0.06954227 0.03502031 0.18580149 0.04272792
 0.7854384  0.03448179 0.06447627 0.0374963  0.03355694 0.07598566]
[0.9054418  0.01214998 0.00892557 0.01262159 0.33099082 0.01466636
 0.0359507  0.01488778 0.01646345 0.01369549 0.00487879 0.01313358]
[0.5612548  0.02727936 0.01067417 0.29832903 0.00957501 0.01547442
 0.02959521 0.01756637 0.02746577 0.02946712 0.00829866 0.01019431]
[0.8292996  0.85841596 0.01064518 0.0405199  0.05484192 0.08222389
 0.02866024 0.05964784 0.63085914 0.02991979 0.01477558 0.02335912]
[0.9074548  0.01834684 0.00700335 0.01778118 0.21328352 0.01483342
 0.02249398 0.02443313 0.01389753 0.00908984 0.00465083 0.01302442]
[0.38503495 0.03178591 0.02962029 0.91702086 0.01201724 0.03768371
 0.0265861  0.04697956 0.03136401 0.02203873 0.01984622 0.02004223]
[0.95821184 0.02656924 0.00813349 0.19492477 0.01677597 0.02621219
 0.01981439 0.01063873 0.03077613 0.03101539 0.00794615 0.01069649]
[0.734505   0.02443231 0.01814887 0.03358531 0.06625541 0.02045966
 0.39305097 0.01701588 0.0395089  0.02051519 0.00970325 0.02501621]
[0.25804973 0.00656777 0.1858915  0.20679586 0.02472989 0.01985559
 0.09455681 0.00827361 0.01426401 0.03024329 0.01472873 0.02431113]
[0.48076463 0.00747673 0.05472002 0.8643557  0.02163626 0.02860206
 0.03197589 0.04906932 0.01550507 0.02222474 0.01905866 0.02613056]
[0.66518277 0.89569944 0.03415176 0.07178446 0.27519128 0.6693265
 0.06369312 0.2486389  0.6311004  0.03670499 0.04894726 0.09430935]
[0.2525015  0.04282463 0.01815847 0.01196053 0.88541025 0.03211019
 0.05561363 0.04991357 0.02058567 0.01969319 0.01180203 0.03345495]
[0.9751956  0.03646938 0.00580661 0.04484671 0.04678719 0.02086967
 0.0182854  0.0128251  0.03648964 0.01027097 0.00544609 0.00936432]
[0.9629341  0.04756061 0.00699044 0.0640935  0.02585763 0.02064141
 0.01658783 0.00698218 0.03852459 0.01359659 0.00525105 0.00868677]
[0.17775522 0.05800945 0.02849685 0.01090782 0.9249677  0.03784389
 0.05992573 0.04464891 0.02208881 0.02279947 0.02054799 0.04716346]
[0.9172469  0.69672936 0.00850461 0.03574922 0.04870732 0.04183186
 0.01961797 0.03906779 0.3070808  0.01496144 0.01018752 0.01834982]
[0.14448199 0.05114869 0.03016171 0.00869835 0.9103783  0.03948146
 0.06273024 0.04210573 0.02378554 0.02842377 0.01982107 0.03826254]
[0.32045007 0.02491039 0.03230844 0.02705683 0.10240265 0.01516016
 0.30192822 0.00864451 0.01382729 0.03168422 0.01447064 0.03275273]
[0.93252254 0.02630763 0.00995664 0.62604946 0.01885547 0.03428475
 0.02064907 0.03566499 0.03468699 0.01262947 0.00557588 0.01340701]
[0.62877804 0.02060135 0.03299082 0.3825376  0.02152205 0.01557583
 0.04194026 0.0082508  0.01659225 0.01366347 0.00519357 0.01317983]
[0.33551887 0.00827703 0.14487733 0.35045755 0.02051445 0.01993838
 0.04028822 0.02459421 0.01714783 0.01265059 0.01368615 0.01616546]
[0.9456449  0.00791713 0.0138162  0.08109459 0.04020629 0.01272734
 0.02609676 0.01681704 0.01954002 0.02181548 0.00579389 0.01039779]
[0.9198513  0.70069534 0.0052426  0.02266039 0.15376575 0.03188885
 0.02084896 0.02439251 0.08099786 0.01361073 0.00813979 0.01811457]
[0.9426554  0.03821363 0.00952288 0.04007082 0.0573792  0.02413674
 0.02405018 0.25230518 0.05776776 0.03113527 0.00728626 0.01284853]
[0.96732986 0.02082687 0.00610334 0.03372575 0.05755082 0.02711425
 0.01987482 0.01364187 0.05637757 0.01200827 0.00390335 0.00900954]
[0.30158365 0.0495     0.03251573 0.0663102  0.05480126 0.03084123
 0.05092971 0.03711245 0.03026545 0.8843588  0.03843793 0.0308165 ]
[0.5915882  0.00674123 0.0288214  0.02568973 0.19328304 0.01709418
 0.3523603  0.01636512 0.01744701 0.02643123 0.00985383 0.02998515]
[0.19700214 0.01058973 0.21571015 0.2325013  0.03268922 0.01366604
 0.13053407 0.0161745  0.01456458 0.01133167 0.02358831 0.0366525 ]
[0.9395574  0.02327001 0.02117126 0.6458117  0.01026615 0.05703641
 0.028984   0.01793866 0.07261524 0.01090354 0.00782339 0.01395551]
[0.904266   0.04494806 0.02053681 0.8231495  0.01253093 0.0398232
 0.02529962 0.06519819 0.0531554  0.01175763 0.0090036  0.01664585]
[0.25772128 0.8249549  0.01874004 0.05383495 0.10119796 0.02058101
 0.03217156 0.01297492 0.0417734  0.01356316 0.02619551 0.04119208]
[0.14323357 0.02932869 0.04158851 0.00891608 0.9094463  0.03507197
 0.11071917 0.03384911 0.01741859 0.03540275 0.02070718 0.05097737]
[0.9299981  0.01571186 0.00660463 0.02003992 0.14217977 0.015151
 0.02877068 0.01193459 0.01792612 0.01154486 0.00357555 0.00944174]
[0.47780335 0.49651295 0.00547038 0.01238992 0.13952176 0.01218753
 0.01812448 0.00964612 0.01878542 0.00916389 0.00947787 0.01348431]
[0.9338204  0.04529461 0.01819553 0.04132183 0.04257872 0.11805324
 0.04684773 0.03834466 0.6180874  0.01532817 0.00785064 0.01573588]
[0.6715855  0.00933765 0.02983537 0.6709231  0.02254182 0.01278029
 0.02695996 0.02169863 0.00925961 0.01864134 0.01256511 0.02347142]
[0.61913073 0.00941405 0.01409296 0.01521405 0.43825158 0.01061965
 0.06019182 0.01132931 0.00806147 0.0109662  0.00651173 0.02292705]
[0.6650675  0.16352607 0.03232206 0.0844849  0.0374389  0.19763497
 0.07110991 0.05872312 0.8809431  0.02959396 0.01574581 0.02428589]
[0.75122726 0.01116978 0.00694825 0.03231295 0.15920663 0.01214212
 0.02253228 0.02138024 0.00903325 0.02382489 0.00383854 0.01254386]
[0.89109594 0.03156511 0.00586913 0.02037707 0.2682721  0.02237399
 0.01793634 0.0209993  0.02465339 0.00730737 0.00251547 0.00997068]
[0.9307549  0.6252901  0.00611648 0.06854535 0.05487721 0.04620063
 0.01553678 0.03598838 0.09911115 0.01085282 0.00749284 0.01860349]
[0.9166866  0.01419102 0.00894951 0.07050486 0.02741586 0.01600663
 0.02822886 0.01119374 0.01994699 0.13018827 0.00776367 0.01035622]
[0.96578807 0.0570841  0.00535527 0.06403429 0.06970815 0.02881969
 0.01194304 0.01968584 0.02868502 0.01236376 0.00491332 0.01020702]
[0.73334974 0.00883216 0.01346247 0.01605967 0.39419395 0.01503432
 0.0388723  0.0158111  0.0122082  0.00663901 0.00407455 0.01438572]
[0.88375765 0.78689665 0.00575436 0.03138485 0.06736569 0.05555978
 0.02385328 0.01886587 0.23323727 0.00999943 0.0110696  0.01721738]
[0.7909658  0.00726363 0.00912141 0.06968492 0.11332206 0.01772219
 0.02648569 0.01520351 0.00766208 0.02296072 0.005611   0.01345227]
[0.9614759  0.06178031 0.00572864 0.02952266 0.08122069 0.02467437
 0.01501167 0.0148484  0.03583167 0.00915891 0.00556365 0.00977868]
[0.91094834 0.01434221 0.01904457 0.6585687  0.01134406 0.02022498
 0.02141331 0.02530253 0.02451891 0.02255846 0.00732034 0.01272126]
[0.8718627  0.00655552 0.01329643 0.01890553 0.16534172 0.01982386
 0.0376917  0.01410377 0.01582717 0.01344096 0.00588944 0.01434394]
[0.79051125 0.12897468 0.03307294 0.07879116 0.17066903 0.8232946
 0.07685075 0.04583664 0.45581996 0.06283212 0.03759497 0.04020461]
[0.2174264  0.11369946 0.18642342 0.12656946 0.03155478 0.03797352
 0.06520359 0.02493123 0.05382708 0.05569467 0.01806317 0.02261437]
[0.47895333 0.00609626 0.02849076 0.02041747 0.480036   0.01777075
 0.07545688 0.01671043 0.00969019 0.02049729 0.00728997 0.02226779]
[0.8689336  0.10165638 0.01992303 0.10077953 0.15714161 0.09481414
 0.04900029 0.87865895 0.2573297  0.02616479 0.01223292 0.03502546]
[0.47468325 0.01106916 0.03926705 0.6875425  0.00944791 0.01636809
 0.03358402 0.03953636 0.02030644 0.02253873 0.01344045 0.01278989]
[0.19551966 0.02391253 0.06282429 0.05290342 0.07670215 0.0328626
 0.6719502  0.02139452 0.04064555 0.04091297 0.02733294 0.04756195]
[0.92412186 0.01540524 0.007011   0.01773399 0.21734199 0.01447538
 0.02440242 0.01301452 0.01417826 0.00945269 0.00378774 0.01232309]
[0.29639038 0.00794469 0.02058546 0.04238348 0.09486766 0.00824703
 0.03871034 0.02206151 0.00887221 0.01748809 0.00977054 0.01378343]
[0.6910297  0.86170095 0.00577385 0.06568795 0.04745343 0.02047871
 0.01922908 0.01394337 0.04386997 0.01239655 0.0160717  0.02038553]
[0.62080216 0.02342229 0.02903826 0.7641347  0.01034543 0.03960613
 0.03238161 0.10423045 0.0453071  0.41029987 0.01347484 0.01855931]
[0.9737086  0.02487469 0.00891552 0.04661132 0.04015098 0.02285312
 0.02938854 0.01168431 0.0545512  0.01051603 0.00405259 0.00945967]
[0.5993241  0.8147114  0.00615004 0.1539201  0.03658213 0.02842009
 0.02242718 0.01402677 0.04600261 0.02647026 0.01990911 0.02841433]
[0.9400163  0.04379939 0.01020739 0.5784534  0.03258488 0.04405161
 0.01927746 0.04380778 0.04428679 0.01034401 0.00503933 0.01630991]
[0.38194162 0.9169883  0.00707711 0.03656206 0.05853228 0.02029864
 0.02347518 0.02106051 0.06601694 0.01687708 0.01754395 0.01863284]
[0.4823347  0.00476877 0.03525268 0.5743847  0.02160149 0.012197
 0.03424551 0.01167858 0.00825419 0.02649649 0.01091629 0.0194487 ]
[0.19093646 0.6348146  0.01786447 0.1647644  0.02337434 0.01668758
 0.02112916 0.00928911 0.03234681 0.02308164 0.01769121 0.01769571]
[0.96516657 0.01736798 0.01081761 0.04063363 0.05271559 0.01752253
 0.02692446 0.01324024 0.03024149 0.00957679 0.00518315 0.00956828]
[0.5865161  0.08369567 0.03271358 0.05005984 0.08258658 0.64907926
 0.07111892 0.05734443 0.7613417  0.02572783 0.02060941 0.02224992]
[0.9129227  0.01956045 0.01384944 0.01694601 0.12851125 0.02064002
 0.12604184 0.0193955  0.05482218 0.00847026 0.00395885 0.01490102]
[0.14802366 0.30753154 0.01604131 0.00946655 0.6764103  0.0203509
 0.04397795 0.01875181 0.019866   0.02046785 0.02309834 0.03507714]
[0.35259    0.9142087  0.02044334 0.07759888 0.03553715 0.09135382
 0.07298888 0.02791981 0.6909124  0.03435659 0.0238338  0.0329687 ]
[0.88150096 0.01519085 0.01245213 0.5621863  0.01079638 0.02525525
 0.01641599 0.03929941 0.03516506 0.0067049  0.00609688 0.00941117]
[0.84793156 0.01266117 0.01280925 0.01189095 0.5733817  0.02190458
 0.03576154 0.02395488 0.0176822  0.01633502 0.00659524 0.0176276 ]
[0.59598863 0.01160479 0.14895703 0.13858484 0.0254532  0.03414141
 0.05941937 0.0265879  0.05172751 0.09813687 0.01598749 0.02450362]
[0.34169677 0.0937942  0.0424284  0.1970666  0.1103337  0.8260745
 0.05768007 0.03856675 0.31536373 0.04842852 0.05549923 0.03685809]
[0.2285038  0.03468512 0.02269117 0.01069022 0.87604874 0.0346
 0.04844821 0.03223835 0.0180733  0.04036653 0.01403658 0.03092767]
[0.9514492  0.1438397  0.00730386 0.05897315 0.03485187 0.03160273
 0.01386044 0.01570442 0.05480557 0.00843155 0.0061212  0.01327186]
[0.82776797 0.11056584 0.0043149  0.03302026 0.05988337 0.02323199
 0.02167556 0.02808765 0.06662723 0.0059336  0.0024494  0.00635592]
[0.13345452 0.28290707 0.05575902 0.01941121 0.725235   0.06665773
 0.1352226  0.03707575 0.03192352 0.0266438  0.03782082 0.09787283]
[0.8934239  0.01219512 0.02154863 0.13106664 0.03548159 0.01616404
 0.03644299 0.01899244 0.03073133 0.03028183 0.00427573 0.01161136]
[0.08063848 0.02306448 0.09909227 0.03397187 0.21943119 0.02983943
 0.6326041  0.03008225 0.02565775 0.04009714 0.0330723  0.07374873]
[0.80719465 0.01159567 0.01549736 0.03595862 0.04051805 0.0210896
 0.15984097 0.01471256 0.04575438 0.00927378 0.0052503  0.01360558]
[0.7630503  0.7751458  0.00729338 0.18201672 0.0265698  0.06397813
 0.01937428 0.04166644 0.09877919 0.00977087 0.00917158 0.01763191]
[0.29241014 0.00886856 0.01630572 0.03363369 0.09710018 0.00719817
 0.03784388 0.01029648 0.00575773 0.02738325 0.00983221 0.01593406]
[0.96320033 0.05686714 0.00720158 0.08678159 0.02335367 0.02116597
 0.01784337 0.00812079 0.03523962 0.02412029 0.00896561 0.01126939]
[0.5499048  0.9361921  0.00657673 0.04406752 0.07967044 0.02981707
 0.01953029 0.03795021 0.07801478 0.01384722 0.01323765 0.01745926]
[0.47675347 0.40478057 0.00743428 0.05695727 0.01831055 0.01731533
 0.03292491 0.01046539 0.1084254  0.00748173 0.0041369  0.00766159]
[0.07273414 0.05307697 0.04083251 0.01227857 0.8974481  0.03600273
 0.08743865 0.03774627 0.01865417 0.03493156 0.03223111 0.05108295]
[0.17137851 0.02739006 0.12469379 0.1457071  0.0897228  0.6465168
 0.0743529  0.02390677 0.1875513  0.02969333 0.03482466 0.02854682]
[0.63897747 0.12052722 0.02836756 0.15812996 0.12307797 0.07572601
 0.05090814 0.9437026  0.19055434 0.04687718 0.01958229 0.04190961]
[0.47353426 0.04042462 0.03396267 0.10996766 0.07935514 0.73020554
 0.05972344 0.02554309 0.22882691 0.03173512 0.03304956 0.0217344 ]
[0.85005254 0.01610291 0.00869813 0.04644023 0.06906484 0.01033374
 0.02337084 0.00740966 0.01083861 0.00679991 0.00330484 0.00910961]
[0.9693981  0.01783155 0.0090872  0.0409634  0.03210192 0.04351065
 0.03086764 0.01740798 0.14043373 0.0141456  0.00664082 0.01074647]
[0.33657634 0.0117535  0.04108425 0.847818   0.02091659 0.01780516
 0.03122789 0.04897429 0.01357178 0.01980223 0.01465982 0.02241412]
[0.6942535  0.05371553 0.01824139 0.08822984 0.03628384 0.03658108
 0.04032449 0.02887466 0.04123957 0.80955243 0.02283734 0.0230551 ]
[0.70503366 0.01182131 0.05461515 0.87080324 0.01733713 0.03799409
 0.02858898 0.04911142 0.0381152  0.01445076 0.01026055 0.01944788]
[0.94858754 0.13390043 0.00788567 0.2537142  0.01428208 0.0660715
 0.01695299 0.07826306 0.08294692 0.01965865 0.00712473 0.01064926]
[0.67776936 0.08933023 0.01442646 0.03369325 0.04432549 0.01895989
 0.29946145 0.01569853 0.04146762 0.03917569 0.01266205 0.02722368]
[0.9664547  0.01968634 0.00677991 0.02810023 0.07454012 0.01710544
 0.02218268 0.01262149 0.0286734  0.00956039 0.0046843  0.00904521]
[0.9726266  0.01928723 0.00713216 0.03310667 0.06476303 0.02636687
 0.02586548 0.01539501 0.04341221 0.01106318 0.00550925 0.00965852]
[0.36426103 0.767124   0.01210231 0.41704208 0.01436366 0.03180172
 0.03247094 0.02678202 0.14814419 0.01048759 0.01189843 0.01908094]
[0.1307602  0.0441857  0.03668451 0.00842805 0.92320925 0.03929532
 0.08832729 0.03405267 0.02247508 0.03265123 0.02534992 0.04849555]
[0.96856225 0.02172478 0.0061919  0.03176016 0.06144764 0.01592355
 0.02001191 0.01101373 0.02981828 0.01170476 0.00504193 0.00952796]
[0.8886741  0.01703798 0.00597549 0.07784616 0.02747543 0.0120686
 0.01913545 0.01048106 0.01559529 0.05595224 0.00452643 0.00854968]
[0.92264146 0.04467477 0.0044445  0.08154988 0.01655087 0.01324387
 0.01496089 0.01126271 0.01833289 0.01722943 0.00535978 0.00705872]
[0.5833922  0.01614641 0.0135769  0.01280668 0.48764166 0.01620585
 0.05842801 0.01723216 0.0117556  0.00671923 0.00566812 0.01737975]
[0.24474113 0.03250934 0.03706238 0.03853654 0.06393007 0.02636352
 0.06139911 0.03448779 0.02939598 0.8396287  0.03371262 0.0279797 ]
[0.94950897 0.04477194 0.00871098 0.01379595 0.27732697 0.04761702
 0.02190636 0.01790231 0.05360732 0.00889699 0.00480189 0.0155142 ]
[0.17702435 0.03571117 0.0276384  0.00934654 0.89684516 0.03176821
 0.06797507 0.02950082 0.01720315 0.02326703 0.01939263 0.04100116]
[0.13721038 0.03014464 0.03300962 0.01335804 0.8953161  0.03098131
 0.07638992 0.03186516 0.01689021 0.02531989 0.02160509 0.04666499]
[0.9658396  0.04418146 0.00534564 0.04154831 0.05186862 0.03026014
 0.0163617  0.01786039 0.04528749 0.01184616 0.00440309 0.00868418]
[0.87072897 0.06008153 0.00849492 0.02714308 0.11055397 0.03636883
 0.02147115 0.01479569 0.03689139 0.04553952 0.00414359 0.00976203]
[0.43778607 0.00751116 0.07134396 0.04075104 0.26005888 0.02141983
 0.10872791 0.01565804 0.01854276 0.00528441 0.00762615 0.02347302]
[0.75591826 0.96048236 0.00994216 0.09118358 0.06327068 0.050383
 0.02535563 0.02635565 0.16709387 0.01603793 0.01925927 0.0276574 ]
[0.3044763  0.02320275 0.02396965 0.00559916 0.83004695 0.02365582
 0.12700896 0.0219115  0.01812597 0.02174177 0.01125059 0.03226381]
[0.9639826  0.01823956 0.00647153 0.02601402 0.08923234 0.01468914
 0.02562672 0.01327532 0.02275207 0.01127094 0.00421499 0.00995947]
[0.9582879  0.76163447 0.00701286 0.05472584 0.07849641 0.0622533
 0.0197419  0.06496906 0.14987776 0.0322197  0.01535114 0.02198834]
[0.53723675 0.04344705 0.02047358 0.2964334  0.05111284 0.0301565
 0.02963698 0.83274966 0.06265164 0.03669465 0.015293   0.02668631]
[0.775647   0.05348968 0.0055176  0.03791538 0.1272166  0.01769626
 0.01552646 0.01717396 0.01424005 0.00468875 0.00324576 0.01020673]
[0.17131084 0.01743155 0.02903509 0.01421534 0.48630142 0.01273734
 0.08230299 0.02067667 0.00968573 0.0277375  0.00761451 0.02487743]
[0.77102965 0.01113255 0.02765933 0.72411597 0.0077192  0.02363633
 0.02528638 0.01681802 0.01800499 0.01423161 0.01954188 0.01359651]
[0.9699237  0.02339416 0.00587202 0.03413511 0.05669548 0.01941659
 0.02116999 0.00947328 0.03070187 0.01399583 0.00524525 0.01010588]
[0.34951118 0.6145048  0.01504687 0.30467764 0.00843064 0.02989522
 0.01744337 0.01170415 0.0743546  0.05538937 0.03074541 0.0162079 ]
[0.40646625 0.7463797  0.02402557 0.6153421  0.0286745  0.06544036
 0.03449011 0.8037269  0.16065238 0.05509093 0.03047494 0.03934051]
[0.93104184 0.01595509 0.00873207 0.0230172  0.07701614 0.01259665
 0.03326629 0.00976414 0.02138896 0.00609922 0.00343623 0.01016915]
[0.26162016 0.02000298 0.02939795 0.38250235 0.01689679 0.03445962
 0.03461268 0.01186215 0.02544677 0.01860099 0.02369308 0.01431244]
[0.34157696 0.0294959  0.02038538 0.12519023 0.04479843 0.01724544
 0.05231487 0.00590356 0.01219304 0.04374032 0.01244    0.01981899]
[0.91902876 0.0167316  0.00760307 0.02146155 0.28883913 0.0204768
 0.02362055 0.02699783 0.02336404 0.01195185 0.00579334 0.01757924]
[0.962068   0.02063068 0.00805281 0.05550672 0.02757135 0.01356956
 0.02834651 0.0087519  0.02644287 0.00946043 0.00491258 0.00869902]
[0.94894207 0.01336203 0.00788504 0.02122241 0.0576741  0.01644467
 0.03297963 0.01082346 0.03401355 0.00938447 0.0039322  0.00895732]
[0.6219196  0.01849312 0.00866432 0.02191968 0.07606154 0.01472473
 0.03292141 0.01203762 0.01752632 0.18448073 0.00716372 0.01384356]
[0.47611102 0.0411799  0.0132083  0.11345692 0.01166374 0.02050811
 0.01431317 0.01321469 0.01925743 0.03574827 0.2342448  0.01399327]
