2.555675208568572998e-01,4.567988961935043335e-02,3.507638573646545410e-01,7.947747595608234406e-03
4.183544963598251343e-02,9.587138295173645020e-01,9.454643353819847107e-03,5.951610952615737915e-02
9.638784527778625488e-01,8.237571269273757935e-02,1.843869127333164215e-02,2.996535599231719971e-02
4.097459614276885986e-01,3.245288729667663574e-01,5.954568274319171906e-03,1.488139927387237549e-01
5.051544308662414551e-01,7.374173402786254883e-01,5.403449293226003647e-03,2.045562490820884705e-02
9.350485801696777344e-01,5.158377438783645630e-02,1.252966653555631638e-02,1.148682013154029846e-01
9.777445197105407715e-01,3.968428820371627808e-02,2.411534264683723450e-02,6.333888322114944458e-02
3.098495304584503174e-01,7.089024782180786133e-01,5.015545524656772614e-03,1.027565598487854004e-01
8.324143886566162109e-01,3.141364157199859619e-01,1.118235848844051361e-02,1.330163981765508652e-02
9.760801196098327637e-01,4.352762550115585327e-02,3.417277708649635315e-02,3.403529897332191467e-02
1.680988632142543793e-02,9.882798194885253906e-01,2.383641898632049561e-02,2.173732407391071320e-02
1.044965162873268127e-02,9.640417098999023438e-01,2.661658450961112976e-02,3.396730870008468628e-02
5.070637539029121399e-02,9.724678397178649902e-01,9.489965625107288361e-03,4.144535958766937256e-02
2.965560369193553925e-02,9.814607501029968262e-01,1.290133129805326462e-02,4.235615581274032593e-02
2.942601032555103302e-02,9.839243888854980469e-01,1.489440165460109711e-02,2.677452005445957184e-02
2.982965670526027679e-02,9.780325889587402344e-01,1.307777408510446548e-02,2.280796505510807037e-02
1.109028384089469910e-01,8.139520883560180664e-01,6.756921764463186264e-03,7.754387706518173218e-02
1.115939393639564514e-02,1.305671483278274536e-01,9.137369990348815918e-01,3.119670040905475616e-02
1.941718719899654388e-02,9.848338365554809570e-01,1.735472865402698517e-02,3.321280702948570251e-02
1.353900432586669922e-01,9.068686962127685547e-01,7.495111320167779922e-03,1.979849487543106079e-02
2.308999560773372650e-02,9.767675995826721191e-01,1.493791304528713226e-02,5.006232485175132751e-02
2.573930844664573669e-02,9.827538728713989258e-01,1.452507078647613525e-02,3.965150192379951477e-02
2.327281795442104340e-02,9.816417694091796875e-01,1.509234774857759476e-02,4.141675680875778198e-02
1.575602963566780090e-02,9.798951745033264160e-01,1.916700042784214020e-02,3.355563059449195862e-02
2.289766445755958557e-02,9.862676858901977539e-01,1.696194149553775787e-02,3.552556410431861877e-02
2.176963351666927338e-02,9.856271743774414062e-01,1.668111421167850494e-02,3.163278475403785706e-02
2.039209567010402679e-02,9.836587309837341309e-01,1.564460434019565582e-02,3.404779359698295593e-02
3.277743235230445862e-02,9.725728631019592285e-01,1.151693984866142273e-02,4.830719158053398132e-02
2.222153171896934509e-02,9.804899096488952637e-01,1.542262639850378036e-02,4.616464301943778992e-02
2.227230742573738098e-02,9.613317847251892090e-01,1.680445857346057892e-02,6.690673530101776123e-02
2.842305973172187805e-02,9.676192998886108398e-01,1.508837938308715820e-02,1.795048452913761139e-02
2.641582861542701721e-02,5.308728292584419250e-02,9.641678929328918457e-01,4.099109023809432983e-02
1.251339912414550781e-02,9.554668068885803223e-01,2.389755286276340485e-02,3.725410997867584229e-02
2.296391874551773071e-02,1.069469451904296875e-01,1.995180696249008179e-01,5.045166611671447754e-01
1.130412518978118896e-02,7.915487140417098999e-02,5.729609131813049316e-01,1.397637277841567993e-01
1.896975561976432800e-02,3.193824738264083862e-02,7.529469728469848633e-01,2.189160734415054321e-01
3.339461982250213623e-02,3.794810771942138672e-01,4.037624597549438477e-02,2.988553047180175781e-01
5.606913939118385315e-03,9.690863490104675293e-01,9.666196256875991821e-02,2.231418155133724213e-02
8.220063149929046631e-02,3.440646454691886902e-02,9.648281931877136230e-01,4.289063438773155212e-02
2.082313969731330872e-02,4.789110273122787476e-02,9.022657871246337891e-01,4.604514688253402710e-02
4.315698146820068359e-01,8.083484321832656860e-02,2.706855349242687225e-02,8.032941222190856934e-01
2.695052027702331543e-01,1.035730317234992981e-01,4.352496191859245300e-02,9.019255042076110840e-01
1.957791000604629517e-01,1.711100488901138306e-01,6.330410391092300415e-02,9.134393930435180664e-01
2.085685282945632935e-01,1.823281794786453247e-01,4.315996542572975159e-02,9.158839583396911621e-01
3.525374233722686768e-01,6.268604099750518799e-02,3.873936459422111511e-02,7.803338170051574707e-01
6.631852686405181885e-02,1.568528413772583008e-01,5.490734428167343140e-02,8.209663033485412598e-01
2.349025756120681763e-01,1.044916883111000061e-01,4.551473259925842285e-02,9.248832464218139648e-01
8.725879192352294922e-01,3.694295883178710938e-02,1.513804960995912552e-02,2.235844582319259644e-01
8.743372559547424316e-02,1.296210438013076782e-01,6.613525003194808960e-02,8.201305866241455078e-01
1.089185178279876709e-01,1.115904077887535095e-01,7.603965699672698975e-02,9.261349439620971680e-01
2.869936637580394745e-02,9.818897247314453125e-01,1.339437440037727356e-02,4.371501132845878601e-02
9.657888412475585938e-01,5.827825888991355896e-02,1.630799286067485809e-02,4.128784686326980591e-02
8.408157229423522949e-01,2.589373290538787842e-01,5.998101085424423218e-03,6.883835047483444214e-02
5.768946409225463867e-01,1.109805051237344742e-02,7.307006418704986572e-02,1.232723444700241089e-01
1.268187630921602249e-02,1.553611904382705688e-01,8.841499686241149902e-01,2.071205154061317444e-02
6.147400140762329102e-01,5.096183419227600098e-01,5.565006751567125320e-03,2.309249155223369598e-02
6.322720646858215332e-01,1.338792312890291214e-02,5.389605462551116943e-02,1.098281592130661011e-01
1.545791234821081161e-02,9.848871827125549316e-01,2.179432101547718048e-02,2.496463619172573090e-02
9.571608304977416992e-01,1.589129865169525146e-02,2.970222570002079010e-02,1.310451328754425049e-01
1.853047162294387817e-01,2.975335903465747833e-02,8.532264828681945801e-01,1.399477384984493256e-02
2.082213759422302246e-02,9.842212200164794922e-01,1.766920089721679688e-02,3.546305000782012939e-02
3.269168362021446228e-02,9.680504202842712402e-01,1.135361287742853165e-02,6.321433931589126587e-02
5.777438171207904816e-03,8.503223061561584473e-01,1.988819986581802368e-01,1.382163632661104202e-02
8.463018536567687988e-01,8.505644649267196655e-02,8.785393089056015015e-03,2.232344746589660645e-01
9.564181566238403320e-01,4.119850322604179382e-02,2.188599295914173126e-02,4.857309535145759583e-02
1.098656281828880310e-01,8.088789582252502441e-01,7.453810889273881912e-03,1.298546493053436279e-01
5.962872505187988281e-01,6.167684793472290039e-01,5.067329853773117065e-03,2.340178750455379486e-02
9.150057435035705566e-01,1.044992059469223022e-01,1.156167499721050262e-02,3.874856606125831604e-02
9.637873172760009766e-01,4.274159297347068787e-02,1.895827613770961761e-02,6.136111170053482056e-02
9.761298298835754395e-01,2.628506161272525787e-02,2.752054482698440552e-02,7.151621580123901367e-02
2.183648943901062012e-02,9.795675277709960938e-01,1.570458710193634033e-02,4.939175397157669067e-02
