2.952494621276855469e-01,9.051503241062164307e-02,7.374508380889892578e-01,5.642212554812431335e-02,1.122514009475708008e-01,2.637122757732868195e-02
9.406057596206665039e-01,5.185633152723312378e-02,3.654619678854942322e-02,6.174680590629577637e-02,7.625798881053924561e-02,2.345221489667892456e-02
6.553696393966674805e-01,7.491217851638793945e-01,3.208081051707267761e-02,3.377948328852653503e-02,8.493582904338836670e-02,1.120976172387599945e-02
1.022953540086746216e-01,5.642778798937797546e-02,7.533224672079086304e-02,5.473325774073600769e-02,2.933128774166107178e-01,1.606140583753585815e-01
9.445014595985412598e-02,9.368550777435302734e-01,6.825941801071166992e-02,5.739558488130569458e-02,5.642967671155929565e-02,3.846481814980506897e-02
6.860375404357910156e-01,1.306894272565841675e-01,4.781047999858856201e-02,2.926279045641422272e-02,1.941966861486434937e-01,1.430867705494165421e-02
8.743320107460021973e-01,6.565518677234649658e-02,3.476106375455856323e-02,3.673886880278587341e-02,1.804573237895965576e-01,1.418026350438594818e-02
2.219820171594619751e-01,9.148439764976501465e-01,5.307737737894058228e-02,4.240863770246505737e-02,5.704244598746299744e-02,1.819212920963764191e-02
8.615700006484985352e-01,8.624329417943954468e-02,3.530795499682426453e-02,4.575734212994575500e-02,1.112314611673355103e-01,1.091367099434137344e-02
1.207347959280014038e-01,9.256660342216491699e-01,5.301374942064285278e-02,5.030850693583488464e-02,6.213248521089553833e-02,2.722605504095554352e-02
5.965639352798461914e-01,4.688342288136482239e-02,3.049281612038612366e-02,8.577211201190948486e-02,3.116534948348999023e-01,5.197042599320411682e-02
9.460724592208862305e-01,3.912471979856491089e-02,3.791305050253868103e-02,5.801893025636672974e-02,1.273487657308578491e-01,2.259736694395542145e-02
9.181857109069824219e-01,6.810271739959716797e-02,3.016804344952106476e-02,4.175863042473793030e-02,7.859593629837036133e-02,1.575650274753570557e-02
4.386198520660400391e-01,8.898242563009262085e-02,3.042247705161571503e-02,1.710658073425292969e-01,1.783603280782699585e-01,1.014586836099624634e-01
8.292474746704101562e-01,5.299443006515502930e-02,4.299649223685264587e-02,5.642567947506904602e-02,6.894239783287048340e-02,2.379995025694370270e-02
9.340233206748962402e-01,3.928346931934356689e-02,6.208990141749382019e-02,6.703135371208190918e-02,5.393490940332412720e-02,3.089258819818496704e-02
1.327234506607055664e-01,3.374811410903930664e-01,2.731035351753234863e-01,7.418724149465560913e-02,2.199183031916618347e-02,3.898743167519569397e-02
8.671460747718811035e-01,7.538653910160064697e-02,2.749361097812652588e-02,4.315852001309394836e-02,1.196029484272003174e-01,1.933801732957363129e-02
2.807175219058990479e-01,4.087329655885696411e-02,1.160561591386795044e-01,9.167993813753128052e-02,1.321152746677398682e-01,3.212710469961166382e-02
7.958787083625793457e-01,6.186622753739356995e-02,6.200063228607177734e-02,8.175638318061828613e-02,3.621542081236839294e-02,1.991549879312515259e-02
9.461566805839538574e-01,4.940965399146080017e-02,3.211453929543495178e-02,5.521580204367637634e-02,1.562052220106124878e-01,2.795206755399703979e-02
5.797226428985595703e-01,6.035861745476722717e-02,3.854071348905563354e-02,6.088910996913909912e-02,6.455008983612060547e-01,5.573394522070884705e-02
4.489132165908813477e-01,3.404991328716278076e-02,6.548191308975219727e-01,5.499401316046714783e-02,7.061075419187545776e-02,3.014896064996719360e-02
9.088894724845886230e-01,1.576787978410720825e-01,2.720698714256286621e-02,3.168009594082832336e-02,6.580287218093872070e-02,1.377381663769483566e-02
9.351479411125183105e-01,4.754465073347091675e-02,5.147440358996391296e-02,4.080534353852272034e-02,9.778136014938354492e-02,1.600368693470954895e-02
9.402810931205749512e-01,5.358136817812919617e-02,4.387507960200309753e-02,4.884825274348258972e-02,1.843020915985107422e-01,1.581432484090328217e-02
9.288311004638671875e-01,5.902698263525962830e-02,3.558425232768058777e-02,4.408679530024528503e-02,3.166258931159973145e-01,2.126595377922058105e-02
6.092681288719177246e-01,6.129937767982482910e-01,2.859432622790336609e-02,3.430235758423805237e-02,1.107001453638076782e-01,9.504023008048534393e-03
1.102242395281791687e-01,8.528746366500854492e-01,4.591136798262596130e-02,3.153668045997619629e-01,4.526013880968093872e-02,2.620777487754821777e-02
9.101517200469970703e-01,5.339391529560089111e-02,7.107853889465332031e-02,5.771453306078910828e-02,4.626847058534622192e-02,2.168580330908298492e-02
8.771265745162963867e-01,5.337597802281379700e-02,9.538795053958892822e-02,6.376967579126358032e-02,3.713449835777282715e-02,1.985413953661918640e-02
9.296692013740539551e-01,5.581087619066238403e-02,8.324536681175231934e-02,4.797552153468132019e-02,5.852112546563148499e-02,1.607080549001693726e-02
8.472470045089721680e-01,3.616654872894287109e-02,1.039417460560798645e-01,8.817098289728164673e-02,4.860908538103103638e-02,1.958475634455680847e-02
9.384381771087646484e-01,7.838713377714157104e-02,4.295885562896728516e-02,3.118739835917949677e-02,1.298270523548126221e-01,1.183360069990158081e-02
3.501641377806663513e-02,7.538454234600067139e-02,3.144686520099639893e-01,1.898529827594757080e-01,2.087355591356754303e-02,1.305768936872482300e-01
6.033863425254821777e-01,5.054984614253044128e-02,2.415487617254257202e-01,2.396542727947235107e-01,2.975964546203613281e-02,1.549800951033830643e-02
1.073899045586585999e-01,8.502786755561828613e-01,2.690943479537963867e-01,6.787349283695220947e-02,2.763647958636283875e-02,1.950541138648986816e-02
9.437322020530700684e-01,6.611233204603195190e-02,3.336653858423233032e-02,4.994624853134155273e-02,9.851824492216110229e-02,1.798450015485286713e-02
6.740477681159973145e-01,6.189461350440979004e-01,3.657388687133789062e-02,3.655554354190826416e-02,8.430639654397964478e-02,9.821291081607341766e-03
9.399868249893188477e-01,5.941148474812507629e-02,4.189464077353477478e-02,5.433158576488494873e-02,9.131108224391937256e-02,1.799538359045982361e-02
8.071531057357788086e-01,9.825533628463745117e-02,7.942029833793640137e-02,1.167468428611755371e-01,4.399820044636726379e-02,3.298953548073768616e-02
9.500099420547485352e-01,6.099958345293998718e-02,3.798025101423263550e-02,3.909133747220039368e-02,1.309747695922851562e-01,1.640523411333560944e-02
9.402905106544494629e-01,5.437145009636878967e-02,7.073754817247390747e-02,5.365733429789543152e-02,6.649762392044067383e-02,2.031758986413478851e-02
8.821735978126525879e-01,6.418445706367492676e-02,5.248915031552314758e-02,9.084991365671157837e-02,6.643371284008026123e-02,2.724241465330123901e-02
9.825854748487472534e-02,5.927878245711326599e-02,1.110973879694938660e-01,6.208183169364929199e-01,7.485748827457427979e-02,4.059006869792938232e-01
9.057110548019409180e-01,1.010588407516479492e-01,2.995463088154792786e-02,3.013744205236434937e-02,9.407272934913635254e-02,1.185670681297779083e-02
8.567508459091186523e-01,1.619104146957397461e-01,7.006009668111801147e-02,7.734930515289306641e-02,4.756301268935203552e-02,2.526389807462692261e-02
9.519459605216979980e-01,4.613113030791282654e-02,4.651491716504096985e-02,5.519950017333030701e-02,9.692677855491638184e-02,2.026027441024780273e-02
9.672960638999938965e-02,8.191300034523010254e-01,6.240532174706459045e-02,1.520424634218215942e-01,3.694647550582885742e-02,1.672523841261863708e-02
5.571521520614624023e-01,7.323306202888488770e-01,5.456518381834030151e-02,3.137093037366867065e-02,8.013463020324707031e-02,9.229157119989395142e-03
1.485920697450637817e-01,8.981407880783081055e-01,4.957275465130805969e-02,5.642926692962646484e-02,1.326506882905960083e-01,2.202162705361843109e-02
3.338778018951416016e-01,5.316971540451049805e-01,3.876575082540512085e-02,5.978070199489593506e-02,1.278534829616546631e-01,1.048007234930992126e-02
1.088878884911537170e-01,9.374740719795227051e-01,6.830608844757080078e-02,4.988608136773109436e-02,6.117970496416091919e-02,2.983968332409858704e-02
1.472244858741760254e-01,8.888656497001647949e-01,3.834433108568191528e-02,4.719818010926246643e-02,1.729477941989898682e-01,2.488767355680465698e-02
1.866155713796615601e-01,9.026572704315185547e-01,4.884825274348258972e-02,4.154882952570915222e-02,1.108201071619987488e-01,1.803422160446643829e-02
4.820036888122558594e-02,9.023478031158447266e-01,6.804654002189636230e-02,6.296305358409881592e-02,7.785608619451522827e-02,3.283550217747688293e-02
2.715637348592281342e-02,6.103492975234985352e-01,4.053708016872406006e-01,1.529060453176498413e-01,2.017306722700595856e-02,1.232923716306686401e-01
7.328132539987564087e-02,2.140380889177322388e-01,6.243193149566650391e-02,3.920723870396614075e-02,1.538061946630477905e-01,3.237152844667434692e-02
2.605291008949279785e-01,7.217916846275329590e-01,4.106299579143524170e-02,9.973767399787902832e-02,1.906893253326416016e-01,1.282202266156673431e-02
7.505144178867340088e-02,4.279334247112274170e-01,1.347217261791229248e-01,5.823621898889541626e-02,3.296615779399871826e-01,3.455791249871253967e-02
1.142915338277816772e-01,9.259578585624694824e-01,6.020990759134292603e-02,5.324340239167213440e-02,6.954187154769897461e-02,2.401406131684780121e-02
6.358967721462249756e-02,8.811649084091186523e-01,7.522932440042495728e-02,6.619589775800704956e-02,1.091198623180389404e-01,2.731523662805557251e-02
1.329922080039978027e-01,9.282447099685668945e-01,6.429880857467651367e-02,4.801999405026435852e-02,9.223791211843490601e-02,2.256863936781883240e-02
1.094976291060447693e-01,9.098264575004577637e-01,5.479633435606956482e-02,9.607978910207748413e-02,1.588062494993209839e-01,2.282761782407760620e-02
9.775640070438385010e-02,8.577680587768554688e-01,3.970001265406608582e-02,5.338826775550842285e-02,1.106739267706871033e-01,2.612888067960739136e-02
3.257907032966613770e-01,8.679808378219604492e-01,4.236438497900962830e-02,3.729307651519775391e-02,1.574287861585617065e-01,1.510946918278932571e-02
1.327714025974273682e-01,1.564746499061584473e-01,8.664079755544662476e-02,8.696250915527343750e-01,5.282134190201759338e-02,6.508889794349670410e-02
7.379055023193359375e-02,9.513476490974426270e-01,7.326471805572509766e-02,8.289170265197753906e-02,5.925805494189262390e-02,4.879844188690185547e-02
1.124550402164459229e-01,9.333433508872985840e-01,5.468165874481201172e-02,5.371373519301414490e-02,7.020214200019836426e-02,2.920938655734062195e-02
1.003034934401512146e-01,9.219496846199035645e-01,8.394907414913177490e-02,7.507096230983734131e-02,4.515155404806137085e-02,2.270699292421340942e-02
1.180834174156188965e-01,9.490447044372558594e-01,7.271124422550201416e-02,6.030947715044021606e-02,5.628703534603118896e-02,3.402196988463401794e-02
1.052975431084632874e-01,9.270933866500854492e-01,5.735455080866813660e-02,5.383074656128883362e-02,5.787520855665206909e-02,2.620940469205379486e-02
7.865659594535827637e-01,4.188524782657623291e-01,2.750966139137744904e-02,2.415908314287662506e-02,1.213540732860565186e-01,1.048433128744363785e-02
2.488653920590877533e-02,7.821376919746398926e-01,1.107186451554298401e-01,2.192429304122924805e-01,3.269179537892341614e-02,3.242010176181793213e-01
1.341896057128906250e-01,7.468355298042297363e-01,1.100600138306617737e-01,2.636416256427764893e-01,2.123544551432132721e-02,2.163367904722690582e-02
1.005712896585464478e-01,9.344730973243713379e-01,6.560152024030685425e-02,5.361084267497062683e-02,4.280596598982810974e-02,3.920729458332061768e-02
9.041170775890350342e-02,9.406548142433166504e-01,7.092652469873428345e-02,1.435691565275192261e-01,4.732750728726387024e-02,2.943876571953296661e-02
3.968603536486625671e-02,7.197808623313903809e-01,4.152769222855567932e-02,1.947033703327178955e-01,1.985512077808380127e-01,4.762258008122444153e-02
1.388954371213912964e-01,9.071890115737915039e-01,5.750448629260063171e-02,1.980970054864883423e-01,6.595799326896667480e-02,2.033997140824794769e-02
9.773299098014831543e-02,9.306500554084777832e-01,6.686802953481674194e-02,9.885893017053604126e-02,5.962029471993446350e-02,2.322773821651935577e-02
1.294554919004440308e-01,9.410248398780822754e-01,6.486965715885162354e-02,5.005297064781188965e-02,5.154439434409141541e-02,3.069075010716915131e-02
1.004467681050300598e-01,9.390797615051269531e-01,9.077028930187225342e-02,5.074102059006690979e-02,7.771716266870498657e-02,2.824289165437221527e-02
1.011813879013061523e-01,9.455329179763793945e-01,6.730498373508453369e-02,6.404647976160049438e-02,7.354599237442016602e-02,3.284322470426559448e-02
9.750083833932876587e-02,8.788673877716064453e-01,3.999662026762962341e-02,4.190951585769653320e-02,1.359996199607849121e-01,2.501438930630683899e-02
7.432539016008377075e-02,5.283470749855041504e-01,3.765646368265151978e-02,4.625843837857246399e-02,1.949212402105331421e-01,2.880533039569854736e-02
8.092138767242431641e-01,8.308729529380798340e-02,3.317783400416374207e-02,4.561507329344749451e-02,1.082820668816566467e-01,1.636748202145099640e-02
7.577814161777496338e-02,8.789841532707214355e-01,1.277285814285278320e-01,6.230670586228370667e-02,2.626416459679603577e-02,2.930262684822082520e-02
1.605919450521469116e-01,8.827137351036071777e-01,5.317849293351173401e-02,5.976722389459609985e-02,3.163744136691093445e-02,2.516320534050464630e-02
1.993429362773895264e-01,1.829104274511337280e-01,1.905880570411682129e-01,8.649659156799316406e-02,1.601347513496875763e-02,6.131098419427871704e-02
2.507599070668220520e-02,1.655048131942749023e-01,7.932649552822113037e-02,3.948454558849334717e-01,5.713317915797233582e-02,3.345842063426971436e-01
3.662599325180053711e-01,1.869148015975952148e-01,4.822156950831413269e-02,6.056992337107658386e-02,7.314918041229248047e-01,4.082059860229492188e-02
6.584073603153228760e-02,7.112226486206054688e-01,1.144870892167091370e-01,2.148591876029968262e-01,2.911600470542907715e-02,2.682142704725265503e-02
2.830810546875000000e-01,8.822231292724609375e-01,3.869315981864929199e-02,4.407575353980064392e-02,1.718022525310516357e-01,1.726657524704933167e-02
3.480919077992439270e-02,6.645977497100830078e-01,5.161267518997192383e-02,6.965200603008270264e-02,1.483655571937561035e-01,5.646525695919990540e-02
1.085156202316284180e-01,9.507990628480911255e-02,8.916264772415161133e-01,7.626605033874511719e-02,1.353787481784820557e-01,6.028534844517707825e-02
1.259883791208267212e-01,8.026815950870513916e-02,8.998553156852722168e-01,8.092702180147171021e-02,1.397976279258728027e-01,6.716976314783096313e-02
6.265581399202346802e-02,1.290923506021499634e-01,6.500808596611022949e-01,8.063795417547225952e-02,2.475619129836559296e-02,2.337695807218551636e-01
1.341167241334915161e-01,8.639328181743621826e-02,9.015443921089172363e-01,9.697328507900238037e-02,8.593010902404785156e-02,5.823824554681777954e-02
3.325075656175613403e-02,4.527029022574424744e-02,9.644791483879089355e-02,1.504659503698348999e-01,2.141124755144119263e-01,7.289218306541442871e-01
2.481679916381835938e-01,4.412377625703811646e-02,6.414309889078140259e-02,4.868036210536956787e-01,6.653568148612976074e-02,5.065118148922920227e-02
1.046536788344383240e-01,7.710561901330947876e-02,9.083423614501953125e-01,8.893408626317977905e-02,1.502338200807571411e-01,8.872010558843612671e-02
9.187101572751998901e-02,8.403132855892181396e-02,9.058558344841003418e-01,1.073531210422515869e-01,1.011372283101081848e-01,1.161309406161308289e-01
1.436171829700469971e-01,1.091280281543731689e-01,8.756844997406005859e-01,7.377652823925018311e-02,1.321028023958206177e-01,4.087319225072860718e-02
1.405237317085266113e-01,1.029877960681915283e-01,8.948532938957214355e-01,7.287690788507461548e-02,9.981923550367355347e-02,5.521744489669799805e-02
1.241113394498825073e-01,2.000107914209365845e-01,6.552024930715560913e-02,1.388885527849197388e-01,7.852460741996765137e-01,8.539216220378875732e-02
2.556985318660736084e-01,6.511142104864120483e-02,8.805177211761474609e-01,8.208240568637847900e-02,8.041873574256896973e-02,6.451226025819778442e-02
4.409191757440567017e-02,4.111280292272567749e-02,5.164934396743774414e-01,8.678261935710906982e-02,7.797671109437942505e-02,6.136925816535949707e-01
1.032497435808181763e-01,7.492908090353012085e-02,9.093261957168579102e-01,9.258198738098144531e-02,1.049337536096572876e-01,8.977698534727096558e-02
1.788274794816970825e-01,6.271158158779144287e-02,8.329443335533142090e-01,5.865446850657463074e-02,9.211660921573638916e-02,4.862871393561363220e-02
2.833154797554016113e-02,3.512366116046905518e-01,8.014475554227828979e-02,5.263845995068550110e-02,6.738627701997756958e-02,6.208810582756996155e-02
8.378640562295913696e-02,1.040578931570053101e-01,2.813588380813598633e-01,7.758201956748962402e-01,3.431329876184463501e-02,5.193716287612915039e-02
1.006558015942573547e-01,1.292415410280227661e-01,8.813869357109069824e-01,7.286434620618820190e-02,9.052139520645141602e-02,5.411209166049957275e-02
1.832675188779830933e-01,5.878727883100509644e-02,8.723310828208923340e-01,1.202187016606330872e-01,6.329701095819473267e-02,6.054548546671867371e-02
9.103458374738693237e-02,1.170497611165046692e-01,5.470662564039230347e-02,8.431391119956970215e-01,7.937254756689071655e-02,1.047523543238639832e-01
1.169057190418243408e-01,1.764574199914932251e-01,8.043839037418365479e-02,8.697221875190734863e-01,5.074300616979598999e-02,7.392077147960662842e-02
1.042771339416503906e-01,1.858551353216171265e-01,7.848346978425979614e-02,8.634188771247863770e-01,5.149422958493232727e-02,7.196797430515289307e-02
1.412324756383895874e-01,1.575355380773544312e-01,7.271709293127059937e-02,8.442095518112182617e-01,5.521747097373008728e-02,5.356535688042640686e-02
2.357305139303207397e-01,9.830496460199356079e-02,5.354090780019760132e-02,1.781480610370635986e-01,3.411847725510597229e-02,1.827097684144973755e-01
7.363817691802978516e-01,6.690692901611328125e-02,4.790882021188735962e-02,2.247376739978790283e-01,5.956584960222244263e-02,2.976547740399837494e-02
7.226806133985519409e-02,1.642172187566757202e-01,6.181441619992256165e-02,8.324500918388366699e-01,5.102046579122543335e-02,9.073764830827713013e-02
2.167494595050811768e-01,7.565497159957885742e-01,5.204141512513160706e-02,1.788208484649658203e-01,2.849540673196315765e-02,1.520967576652765274e-02
1.278401166200637817e-01,1.105991005897521973e-01,8.186516910791397095e-02,8.358088731765747070e-01,4.416436702013015747e-02,6.496590375900268555e-02
6.025099754333496094e-01,6.209446862339973450e-02,6.854987144470214844e-02,5.055528283119201660e-01,4.323050379753112793e-02,2.098095975816249847e-02
1.569639891386032104e-01,8.992660790681838989e-02,9.033063054084777832e-02,8.047955036163330078e-01,4.301578551530838013e-02,4.807167127728462219e-02
2.206660658121109009e-01,8.523014932870864868e-02,7.818522304296493530e-02,8.233759999275207520e-01,5.181802436709403992e-02,6.376957148313522339e-02
1.989218778908252716e-02,3.192149102687835693e-01,8.122655004262924194e-02,5.795252919197082520e-01,3.810217231512069702e-02,1.620004922151565552e-01
8.192543983459472656e-01,1.012109890580177307e-01,9.821825474500656128e-02,7.567965239286422729e-02,4.357312023639678955e-01,3.727963566780090332e-02
8.638728410005569458e-02,4.159031808376312256e-01,1.417444050312042236e-01,7.658566832542419434e-01,2.851695381104946136e-02,4.387442022562026978e-02
6.018684804439544678e-02,3.928699716925621033e-02,7.473799586296081543e-02,5.923716425895690918e-01,7.899194955825805664e-02,2.998952567577362061e-01
5.450142025947570801e-01,5.517593622207641602e-01,1.016320809721946716e-01,8.258098363876342773e-02,5.294254794716835022e-02,8.902144618332386017e-03
1.310663223266601562e-01,8.460122346878051758e-02,8.122528344392776489e-02,1.213739067316055298e-01,8.096630573272705078e-01,2.879386842250823975e-01
9.188666343688964844e-01,1.021419018507003784e-01,3.120044246315956116e-02,3.821856901049613953e-02,3.647524416446685791e-01,2.000096067786216736e-02
6.620568037033081055e-02,8.961806893348693848e-01,7.940465956926345825e-02,7.955479621887207031e-02,2.514848113059997559e-02,5.754606798291206360e-02
2.768042683601379395e-01,7.504650354385375977e-01,6.000829115509986877e-02,6.408328562974929810e-02,2.968037128448486328e-01,1.546927448362112045e-02
9.325804710388183594e-01,1.106559857726097107e-01,2.763462625443935394e-02,4.122655838727951050e-02,1.114719882607460022e-01,1.754251495003700256e-02
5.045290291309356689e-02,6.965561956167221069e-02,7.459363341331481934e-02,1.103790700435638428e-01,1.184784919023513794e-01,8.247951269149780273e-01
8.858578801155090332e-01,1.418951898813247681e-01,2.320862375199794769e-02,3.457028046250343323e-02,1.063349097967147827e-01,1.286716945469379425e-02
7.857254147529602051e-01,1.341122388839721680e-01,2.460282668471336365e-02,5.517177656292915344e-02,2.586744427680969238e-01,2.240481227636337280e-02
1.563459783792495728e-01,1.135100871324539185e-01,3.083700872957706451e-02,7.874278724193572998e-02,3.486573994159698486e-01,7.478345185518264771e-02
1.791465282440185547e-01,8.574146628379821777e-01,5.518570542335510254e-02,4.852434992790222168e-02,2.044017016887664795e-01,1.785479113459587097e-02
1.274419873952865601e-01,1.652942597866058350e-01,6.213391199707984924e-02,1.216254010796546936e-01,7.579705715179443359e-01,1.066574230790138245e-01
1.595243960618972778e-01,7.093123346567153931e-02,7.428407669067382812e-02,1.430207788944244385e-01,7.619465589523315430e-01,1.592206209897994995e-01
1.402652859687805176e-01,1.285281032323837280e-01,7.928086072206497192e-02,1.995991617441177368e-01,5.974038839340209961e-01,4.610722884535789490e-02
1.010696440935134888e-01,8.821694850921630859e-01,4.376988485455513000e-02,3.686445578932762146e-02,1.134610697627067566e-01,2.440963685512542725e-02
8.091441541910171509e-02,6.348145753145217896e-02,7.914595305919647217e-02,1.150834038853645325e-01,3.471010923385620117e-01,5.919537693262100220e-02
3.836518824100494385e-01,1.302757263183593750e-01,9.793614596128463745e-02,9.483227133750915527e-02,7.739595174789428711e-01,4.396237805485725403e-02
7.621505111455917358e-02,2.020347118377685547e-01,5.413344129920005798e-02,1.029894053936004639e-01,6.885834932327270508e-01,1.589625626802444458e-01
4.323732852935791016e-01,1.142145618796348572e-01,2.850563079118728638e-02,7.304961234331130981e-02,1.230944320559501648e-01,3.322206065058708191e-02
1.236252188682556152e-01,1.559956669807434082e-01,4.383463412523269653e-02,5.761655420064926147e-02,3.625687360763549805e-01,6.407377868890762329e-02
1.448414772748947144e-01,1.667266935110092163e-01,7.011879980564117432e-02,1.345498561859130859e-01,8.429342508316040039e-01,1.565493047237396240e-01
2.732872664928436279e-01,1.431337147951126099e-01,4.268072545528411865e-02,4.346142336726188660e-02,3.989554345607757568e-01,2.332019433379173279e-02
2.419621497392654419e-01,9.060965180397033691e-01,4.545300826430320740e-02,4.707386717200279236e-02,7.259799540042877197e-02,1.845987141132354736e-02
2.736091017723083496e-01,1.714558601379394531e-01,4.988928139209747314e-02,1.707844585180282593e-01,8.025642037391662598e-01,7.147689908742904663e-02
2.208688557147979736e-01,1.355880051851272583e-01,6.007502973079681396e-02,1.254354417324066162e-01,6.378355026245117188e-01,4.381203651428222656e-02
1.238934323191642761e-01,1.074654459953308105e-01,6.758444011211395264e-02,7.949175685644149780e-02,7.780817151069641113e-01,2.328348308801651001e-01
2.237952351570129395e-01,2.370105087757110596e-01,6.508805602788925171e-02,1.986244916915893555e-01,7.991933226585388184e-01,6.426348537206649780e-02
1.944556087255477905e-02,6.896904855966567993e-02,1.314936727285385132e-01,1.213217377662658691e-01,8.981476724147796631e-02,5.556929111480712891e-01
4.276153072714805603e-02,3.531021252274513245e-02,7.422126829624176025e-02,2.441516667604446411e-01,1.578746289014816284e-01,6.152049899101257324e-01
5.860671401023864746e-02,4.127200692892074585e-02,7.534889131784439087e-02,8.840700238943099976e-02,1.478333622217178345e-01,2.820900082588195801e-01
4.630703106522560120e-02,5.352940782904624939e-02,6.132528185844421387e-02,9.243119508028030396e-02,2.689769864082336426e-01,5.037578344345092773e-01
4.979195818305015564e-02,3.833020478487014771e-02,1.144513115286827087e-01,1.224700286984443665e-01,4.458498656749725342e-01,4.561383128166198730e-01
3.256887942552566528e-02,3.707444295287132263e-02,1.868848502635955811e-01,1.506164222955703735e-01,1.386591494083404541e-01,6.865561604499816895e-01
6.603061407804489136e-02,6.934177875518798828e-02,6.523099541664123535e-02,2.138181179761886597e-01,7.172617912292480469e-01,4.724696576595306396e-01
3.392884880304336548e-02,7.328255474567413330e-02,1.941814422607421875e-01,2.862833142280578613e-01,6.776627898216247559e-02,7.870264053344726562e-01
3.614458441734313965e-02,1.150600165128707886e-01,4.279310256242752075e-02,6.349664926528930664e-02,2.358663678169250488e-01,6.563869118690490723e-01
5.832752585411071777e-02,5.429326742887496948e-02,7.690256088972091675e-02,1.312295943498611450e-01,1.260527074337005615e-01,8.531510233879089355e-01
3.086039237678050995e-02,1.215469464659690857e-01,1.261937320232391357e-01,4.359918534755706787e-01,9.855617582798004150e-02,7.461407780647277832e-01
3.042437694966793060e-02,4.505784511566162109e-01,2.499778755009174347e-02,5.209584906697273254e-02,1.384932398796081543e-01,3.699403405189514160e-01
7.025205343961715698e-02,6.078879162669181824e-02,5.228324979543685913e-02,8.590039610862731934e-02,1.254657208919525146e-01,7.180203795433044434e-01
4.782421141862869263e-02,8.766277134418487549e-02,7.641631364822387695e-02,8.557049185037612915e-02,1.384179741144180298e-01,8.428614139556884766e-01
5.332015827298164368e-02,6.917785853147506714e-02,7.056436687707901001e-02,1.214281022548675537e-01,1.287203133106231689e-01,8.370568752288818359e-01
6.103517487645149231e-02,7.084913551807403564e-02,9.407431632280349731e-02,9.565738588571548462e-02,1.113939732313156128e-01,8.377802371978759766e-01
4.702354967594146729e-01,1.253668963909149170e-01,5.248591676354408264e-02,8.721367269754409790e-02,3.288155794143676758e-01,2.489382401108741760e-02
2.746081352233886719e-02,2.151518315076828003e-01,3.323905915021896362e-02,5.893635004758834839e-02,2.512560188770294189e-01,5.187730789184570312e-01
5.544196367263793945e-01,2.128599137067794800e-01,3.499030321836471558e-02,2.565971389412879944e-02,1.247068345546722412e-01,9.814783930778503418e-03
5.674400925636291504e-01,2.811119854450225830e-01,4.518381878733634949e-02,1.664372906088829041e-02,1.744503229856491089e-01,1.020204555243253708e-02
8.385420441627502441e-01,4.238663986325263977e-02,2.680524587631225586e-01,8.877652138471603394e-02,2.990379929542541504e-02,4.016080871224403381e-02
6.854534745216369629e-01,4.633847177028656006e-01,3.353604301810264587e-02,2.365115471184253693e-02,8.648391813039779663e-02,9.020125493407249451e-03
3.480746597051620483e-02,8.481098711490631104e-02,5.414014458656311035e-01,4.297609999775886536e-02,2.469051033258438110e-01,1.511740088462829590e-01
4.794357344508171082e-02,1.414070725440979004e-01,8.221696615219116211e-01,1.447813063859939575e-01,3.296450152993202209e-02,1.484083235263824463e-01
6.842242181301116943e-02,5.713141560554504395e-01,6.232049688696861267e-02,7.672011852264404297e-01,4.303727298974990845e-02,5.892979353666305542e-02
8.166484534740447998e-02,1.802822649478912354e-01,5.500031635165214539e-02,8.595835417509078979e-02,6.223868951201438904e-02,5.531761795282363892e-02
6.731394529342651367e-01,5.991319194436073303e-02,4.801821708679199219e-02,1.330877989530563354e-01,4.817229509353637695e-02,4.908638820052146912e-02
9.311448931694030762e-01,3.164151310920715332e-02,9.949787706136703491e-02,5.768426507711410522e-02,6.369846314191818237e-02,1.908971555531024933e-02
3.793758153915405273e-02,9.179827570915222168e-01,1.086848080158233643e-01,1.191372722387313843e-01,4.696080833673477173e-02,4.790090024471282959e-02
1.756305098533630371e-01,7.075126469135284424e-02,8.674582242965698242e-01,7.925636321306228638e-02,5.217003822326660156e-02,8.305426687002182007e-02
1.240896582603454590e-01,2.195739448070526123e-01,7.216861844062805176e-02,8.742036223411560059e-01,5.261767283082008362e-02,7.920189946889877319e-02
8.567699193954467773e-01,2.371297180652618408e-01,2.835608087480068207e-02,2.441051043570041656e-02,1.020649969577789307e-01,9.145379997789859772e-03
8.551093935966491699e-01,2.816847860813140869e-01,3.869993984699249268e-02,2.584194764494895935e-02,8.415967226028442383e-02,9.596247225999832153e-03
7.669904828071594238e-01,3.565476462244987488e-02,1.537053436040878296e-01,1.016782447695732117e-01,2.198357284069061279e-01,1.425995212048292160e-02
8.173672109842300415e-02,1.163711771368980408e-01,8.724120259284973145e-01,7.849428057670593262e-02,7.173667848110198975e-02,7.008173316717147827e-02
6.939002871513366699e-01,3.697422519326210022e-02,3.617923706769943237e-02,9.421373158693313599e-02,1.273204535245895386e-01,2.502815052866935730e-02
6.701903939247131348e-01,1.299724429845809937e-01,2.352536469697952271e-02,7.304579019546508789e-02,1.322122961282730103e-01,1.370677538216114044e-02
1.013071313500404358e-01,7.311621308326721191e-01,4.395172744989395142e-02,2.783138677477836609e-02,1.207157075405120850e-01,1.922278851270675659e-02
1.849914938211441040e-01,9.180387854576110840e-01,5.734341591596603394e-02,4.283206909894943237e-02,7.141203433275222778e-02,1.773674786090850830e-02
6.071734800934791565e-02,8.596593737602233887e-01,9.022159874439239502e-02,1.228513121604919434e-01,5.014923587441444397e-02,2.262892015278339386e-02
1.617291271686553955e-01,1.320983022451400757e-01,9.568554162979125977e-02,4.621268510818481445e-01,5.575374141335487366e-02,1.181448027491569519e-01
8.848027586936950684e-01,7.658534497022628784e-02,4.048382863402366638e-02,4.099383205175399780e-02,8.060430735349655151e-02,1.229875348508358002e-02
1.471679657697677612e-01,9.121828675270080566e-01,5.631593987345695496e-02,6.038916856050491333e-02,3.610131889581680298e-02,2.221496030688285828e-02
8.827451467514038086e-01,4.560618847608566284e-02,3.254466503858566284e-02,8.468314260244369507e-02,8.375508338212966919e-02,2.160752750933170319e-02
2.125567793846130371e-01,8.576633036136627197e-02,7.726332545280456543e-02,2.086464464664459229e-01,9.865534305572509766e-02,1.739244349300861359e-02
7.754189372062683105e-01,5.190903320908546448e-02,3.073403611779212952e-02,5.842056497931480408e-02,1.016107276082038879e-01,2.492721565067768097e-02
2.125567793846130371e-01,8.576633036136627197e-02,7.726332545280456543e-02,2.086464464664459229e-01,9.865534305572509766e-02,1.739244349300861359e-02
1.123340874910354614e-01,9.193788170814514160e-01,7.292252779006958008e-02,5.622423440217971802e-02,4.653250426054000854e-02,2.384417317807674408e-02
1.126559749245643616e-01,9.140854477882385254e-01,6.544992327690124512e-02,4.852801561355590820e-02,1.050361692905426025e-01,2.235302329063415527e-02
1.476530432701110840e-01,6.163236126303672791e-02,8.919074535369873047e-01,7.066651433706283569e-02,7.888310402631759644e-02,1.288347393274307251e-01
2.755316793918609619e-01,9.959883242845535278e-02,8.674512058496475220e-02,8.188100904226303101e-02,4.666180163621902466e-02,2.812653407454490662e-02
1.223829090595245361e-01,9.354136586189270020e-01,7.606442272663116455e-02,4.410981014370918274e-02,6.173306703567504883e-02,2.659498527646064758e-02
1.096331179141998291e-01,8.619487881660461426e-01,3.974117711186408997e-02,6.588665395975112915e-02,9.658427536487579346e-02,1.787263527512550354e-02
9.805026650428771973e-02,9.394986629486083984e-01,7.925420999526977539e-02,5.615876242518424988e-02,5.874220654368400574e-02,3.137231618165969849e-02
9.417524188756942749e-02,4.871952906250953674e-02,8.068853616714477539e-01,7.161332666873931885e-02,1.651337593793869019e-01,7.281256467103958130e-02
1.298317313194274902e-01,9.393925070762634277e-01,5.754254758358001709e-02,5.956399440765380859e-02,6.770760565996170044e-02,2.597065828740596771e-02
9.187975525856018066e-01,8.191458880901336670e-02,4.036031290888786316e-02,5.132127553224563599e-02,6.157581135630607605e-02,1.676351577043533325e-02
1.205473169684410095e-01,9.236724972724914551e-01,4.842353612184524536e-02,5.492304265499114990e-02,6.117089092731475830e-02,2.455648593604564667e-02
7.308214902877807617e-02,1.111883148550987244e-01,7.025681436061859131e-02,8.295755982398986816e-01,6.225677952170372009e-02,1.104214042425155640e-01
1.475177109241485596e-01,1.124839708209037781e-01,9.056091904640197754e-01,7.056187838315963745e-02,7.028122246265411377e-02,8.713658899068832397e-02
1.458785589784383774e-02,5.296435952186584473e-01,7.842886447906494141e-02,1.417682617902755737e-01,3.935183212161064148e-02,1.658022701740264893e-01
5.664426684379577637e-01,3.373630344867706299e-02,2.149595022201538086e-01,4.369802772998809814e-02,1.050903126597404480e-01,1.975222676992416382e-02
8.073170781135559082e-01,9.512108564376831055e-02,5.199515074491500854e-02,4.952207207679748535e-02,4.598793387413024902e-02,2.149586565792560577e-02
8.784699440002441406e-01,9.354538470506668091e-02,4.167186841368675232e-02,3.916928172111511230e-02,5.926429480314254761e-02,1.520146429538726807e-02
8.520117998123168945e-01,9.025920182466506958e-02,4.807104915380477905e-02,6.884806603193283081e-02,1.972976624965667725e-01,9.622111916542053223e-03
6.453908979892730713e-02,7.703261971473693848e-01,4.886782914400100708e-02,5.482329428195953369e-02,8.493182808160781860e-02,2.943196333944797516e-02
5.990484356880187988e-01,8.425118774175643921e-02,5.836852639913558960e-02,6.230636686086654663e-02,1.778109520673751831e-01,2.394703403115272522e-02
5.608777999877929688e-01,3.706938028335571289e-02,1.394511461257934570e-01,7.232687622308731079e-02,1.550188213586807251e-01,1.987277716398239136e-02
6.405971199274063110e-02,2.605168893933296204e-02,2.173392027616500854e-01,7.954891026020050049e-02,2.231029570102691650e-01,1.402771919965744019e-01
9.553322196006774902e-01,6.212283298373222351e-02,4.609583318233489990e-02,4.835872352123260498e-02,9.090835601091384888e-02,1.704347878694534302e-02
7.476422786712646484e-01,1.195815876126289368e-01,4.306971654295921326e-02,4.256598651409149170e-02,5.638734251260757446e-02,1.124848425388336182e-02
1.812658458948135376e-01,7.199248671531677246e-01,2.854893170297145844e-02,5.309167131781578064e-02,6.942149251699447632e-02,1.722619682550430298e-02
3.326466977596282959e-01,9.572032839059829712e-02,5.589731335639953613e-01,5.343715846538543701e-02,2.772997692227363586e-02,3.607812151312828064e-02
9.419947266578674316e-01,5.760614201426506042e-02,4.973923414945602417e-02,5.781748145818710327e-02,6.005735695362091064e-02,2.446631900966167450e-02
6.469331383705139160e-01,3.133445978164672852e-01,2.642418071627616882e-02,2.052316255867481232e-02,1.301454007625579834e-01,1.010461896657943726e-02
1.909352540969848633e-01,1.195392161607742310e-01,6.475467234849929810e-02,8.318902552127838135e-02,7.829304933547973633e-01,1.169865950942039490e-01
6.116146445274353027e-01,1.172444298863410950e-01,2.845324948430061340e-02,6.336702406406402588e-02,2.155966609716415405e-01,1.174067147076129913e-02
7.478790283203125000e-01,2.597972154617309570e-01,3.030914813280105591e-02,3.234757110476493835e-02,1.222725063562393188e-01,1.428959518671035767e-02
9.143916368484497070e-01,1.304951161146163940e-01,4.577486589550971985e-02,6.025448441505432129e-02,4.239126667380332947e-02,1.374497078359127045e-02
3.330790251493453979e-02,1.382106542587280273e-01,3.261895850300788879e-02,1.021105721592903137e-01,1.882382482290267944e-01,3.880165815353393555e-01
2.620029747486114502e-01,3.019280731678009033e-02,6.575513482093811035e-01,7.642047107219696045e-02,4.773166775703430176e-02,4.529414698481559753e-02
1.102955117821693420e-01,1.495553702116012573e-01,8.729188144207000732e-02,8.524013757705688477e-01,4.782506078481674194e-02,6.217537447810173035e-02
2.610169351100921631e-01,2.133593112230300903e-01,4.175157248973846436e-01,3.956214711070060730e-02,2.158813178539276123e-02,3.156872466206550598e-02
1.044336482882499695e-01,9.420018196105957031e-01,6.514406949281692505e-02,5.996584892272949219e-02,5.631472542881965637e-02,3.477137535810470581e-02
7.881505489349365234e-01,8.561757206916809082e-02,5.422142148017883301e-02,3.697144985198974609e-02,8.577740192413330078e-02,1.248905900865793228e-02
